    2
    1  0.000000e+000  1.000000e+000  1.000000e+000
    2 -6.000000e+001  1.000000e+000  1.000000e+000
   61    0    0    1 x         h         Mat  Lay      Beta           Axz            Bxz            Dxz            Temp          Conc           SConc
    1  0.000000e+000 -1.060000e+003    1    1  0.000000e+000  1.000000e+000  1.000000e+000  1.000000e+000              
    2 -1.000000e+000 -1.059000e+003    1    1  0.000000e+000  1.000000e+000  1.000000e+000  1.000000e+000              
    3 -2.000000e+000 -1.058000e+003    1    1  0.000000e+000  1.000000e+000  1.000000e+000  1.000000e+000              
    4 -3.000000e+000 -1.057000e+003    1    1  0.000000e+000  1.000000e+000  1.000000e+000  1.000000e+000              
    5 -4.000000e+000 -1.056000e+003    1    1  0.000000e+000  1.000000e+000  1.000000e+000  1.000000e+000              
    6 -5.000000e+000 -1.055000e+003    1    1  0.000000e+000  1.000000e+000  1.000000e+000  1.000000e+000              
    7 -6.000000e+000 -1.054000e+003    1    1  0.000000e+000  1.000000e+000  1.000000e+000  1.000000e+000              
    8 -7.000000e+000 -1.053000e+003    1    1  0.000000e+000  1.000000e+000  1.000000e+000  1.000000e+000              
    9 -8.000000e+000 -1.052000e+003    1    1  0.000000e+000  1.000000e+000  1.000000e+000  1.000000e+000              
   10 -9.000000e+000 -1.051000e+003    1    1  0.000000e+000  1.000000e+000  1.000000e+000  1.000000e+000              
   11 -1.000000e+001 -1.050000e+003    1    1  0.000000e+000  1.000000e+000  1.000000e+000  1.000000e+000              
   12 -1.100000e+001 -1.049000e+003    1    1  0.000000e+000  1.000000e+000  1.000000e+000  1.000000e+000              
   13 -1.200000e+001 -1.048000e+003    1    1  0.000000e+000  1.000000e+000  1.000000e+000  1.000000e+000              
   14 -1.300000e+001 -1.047000e+003    1    1  0.000000e+000  1.000000e+000  1.000000e+000  1.000000e+000              
   15 -1.400000e+001 -1.046000e+003    1    1  0.000000e+000  1.000000e+000  1.000000e+000  1.000000e+000              
   16 -1.500000e+001 -1.045000e+003    1    1  0.000000e+000  1.000000e+000  1.000000e+000  1.000000e+000              
   17 -1.600000e+001 -1.044000e+003    1    1  0.000000e+000  1.000000e+000  1.000000e+000  1.000000e+000              
   18 -1.700000e+001 -1.043000e+003    1    1  0.000000e+000  1.000000e+000  1.000000e+000  1.000000e+000              
   19 -1.800000e+001 -1.042000e+003    1    1  0.000000e+000  1.000000e+000  1.000000e+000  1.000000e+000              
   20 -1.900000e+001 -1.041000e+003    1    1  0.000000e+000  1.000000e+000  1.000000e+000  1.000000e+000              
   21 -2.000000e+001 -1.040000e+003    1    1  0.000000e+000  1.000000e+000  1.000000e+000  1.000000e+000              
   22 -2.100000e+001 -1.039000e+003    1    1  0.000000e+000  1.000000e+000  1.000000e+000  1.000000e+000              
   23 -2.200000e+001 -1.038000e+003    1    1  0.000000e+000  1.000000e+000  1.000000e+000  1.000000e+000              
   24 -2.300000e+001 -1.037000e+003    1    1  0.000000e+000  1.000000e+000  1.000000e+000  1.000000e+000              
   25 -2.400000e+001 -1.036000e+003    1    1  0.000000e+000  1.000000e+000  1.000000e+000  1.000000e+000              
   26 -2.500000e+001 -1.035000e+003    1    1  0.000000e+000  1.000000e+000  1.000000e+000  1.000000e+000              
   27 -2.600000e+001 -1.034000e+003    1    1  0.000000e+000  1.000000e+000  1.000000e+000  1.000000e+000              
   28 -2.700000e+001 -1.033000e+003    1    1  0.000000e+000  1.000000e+000  1.000000e+000  1.000000e+000              
   29 -2.800000e+001 -1.032000e+003    1    1  0.000000e+000  1.000000e+000  1.000000e+000  1.000000e+000              
   30 -2.900000e+001 -1.031000e+003    1    1  0.000000e+000  1.000000e+000  1.000000e+000  1.000000e+000              
   31 -3.000000e+001 -1.030000e+003    1    1  0.000000e+000  1.000000e+000  1.000000e+000  1.000000e+000              
   32 -3.100000e+001 -1.029000e+003    1    1  0.000000e+000  1.000000e+000  1.000000e+000  1.000000e+000              
   33 -3.200000e+001 -1.028000e+003    1    1  0.000000e+000  1.000000e+000  1.000000e+000  1.000000e+000              
   34 -3.300000e+001 -1.027000e+003    1    1  0.000000e+000  1.000000e+000  1.000000e+000  1.000000e+000              
   35 -3.400000e+001 -1.026000e+003    1    1  0.000000e+000  1.000000e+000  1.000000e+000  1.000000e+000              
   36 -3.500000e+001 -1.025000e+003    1    1  0.000000e+000  1.000000e+000  1.000000e+000  1.000000e+000              
   37 -3.600000e+001 -1.024000e+003    1    1  0.000000e+000  1.000000e+000  1.000000e+000  1.000000e+000              
   38 -3.700000e+001 -1.023000e+003    1    1  0.000000e+000  1.000000e+000  1.000000e+000  1.000000e+000              
   39 -3.800000e+001 -1.022000e+003    1    1  0.000000e+000  1.000000e+000  1.000000e+000  1.000000e+000              
   40 -3.900000e+001 -1.021000e+003    1    1  0.000000e+000  1.000000e+000  1.000000e+000  1.000000e+000              
   41 -4.000000e+001 -1.020000e+003    1    1  0.000000e+000  1.000000e+000  1.000000e+000  1.000000e+000              
   42 -4.100000e+001 -1.019000e+003    1    1  0.000000e+000  1.000000e+000  1.000000e+000  1.000000e+000              
   43 -4.200000e+001 -1.018000e+003    1    1  0.000000e+000  1.000000e+000  1.000000e+000  1.000000e+000              
   44 -4.300000e+001 -1.017000e+003    1    1  0.000000e+000  1.000000e+000  1.000000e+000  1.000000e+000              
   45 -4.400000e+001 -1.016000e+003    1    1  0.000000e+000  1.000000e+000  1.000000e+000  1.000000e+000              
   46 -4.500000e+001 -1.015000e+003    1    1  0.000000e+000  1.000000e+000  1.000000e+000  1.000000e+000              
   47 -4.600000e+001 -1.014000e+003    1    1  0.000000e+000  1.000000e+000  1.000000e+000  1.000000e+000              
   48 -4.700000e+001 -1.013000e+003    1    1  0.000000e+000  1.000000e+000  1.000000e+000  1.000000e+000              
   49 -4.800000e+001 -1.012000e+003    1    1  0.000000e+000  1.000000e+000  1.000000e+000  1.000000e+000              
   50 -4.900000e+001 -1.011000e+003    1    1  0.000000e+000  1.000000e+000  1.000000e+000  1.000000e+000              
   51 -5.000000e+001 -1.010000e+003    1    1  0.000000e+000  1.000000e+000  1.000000e+000  1.000000e+000              
   52 -5.100000e+001 -1.009000e+003    1    1  0.000000e+000  1.000000e+000  1.000000e+000  1.000000e+000              
   53 -5.200000e+001 -1.008000e+003    1    1  0.000000e+000  1.000000e+000  1.000000e+000  1.000000e+000              
   54 -5.300000e+001 -1.007000e+003    1    1  0.000000e+000  1.000000e+000  1.000000e+000  1.000000e+000              
   55 -5.400000e+001 -1.006000e+003    1    1  0.000000e+000  1.000000e+000  1.000000e+000  1.000000e+000              
   56 -5.500000e+001 -1.005000e+003    1    1  0.000000e+000  1.000000e+000  1.000000e+000  1.000000e+000              
   57 -5.600000e+001 -1.004000e+003    1    1  0.000000e+000  1.000000e+000  1.000000e+000  1.000000e+000              
   58 -5.700000e+001 -1.003000e+003    1    1  0.000000e+000  1.000000e+000  1.000000e+000  1.000000e+000              
   59 -5.800000e+001 -1.002000e+003    1    1  0.000000e+000  1.000000e+000  1.000000e+000  1.000000e+000              
   60 -5.900000e+001 -1.001000e+003    1    1  0.000000e+000  1.000000e+000  1.000000e+000  1.000000e+000              
   61 -6.000000e+001 -1.000000e+003    1    1  0.000000e+000  1.000000e+000  1.000000e+000  1.000000e+000              
    3
    1   11   21
