      1
Welcome to HYDRUS-1D
Parameter Estimation of Soil Hydraulic Properties
   NOBB     MIT iWeight
    103      50       2
  lWatF  lChemF    NMat
      t       f       1
  Model   Hysteresis
      0       0
    thr     ths    Alfa       n         Ks       l
  0.001    0.43   0.036       2       0.01       1 
      1       1       1       1          1       1 
 1e-005     0.3       0     1.1          0       0 
  0.019       0       0       0          0       0 
      HO(N)         FOS   ITYPE(N) POS     WTS
          12          0.1     2     1        1 
        12.5         0.15     2     1        1 
          13          0.2     2     1        1 
        13.5         0.25     2     1        1 
        14.5          0.3     2     1        1 
          16         0.32     2     1        1 
        17.5         0.34     2     1        1 
          20         0.36     2     1        1 
          24         0.38     2     1        1 
          31          0.4     2     1        1 
          53         0.42     2     1        1 
          31         0.02     2     2        1 
          32          0.1     2     2        1 
          33         0.15     2     2        1 
          34          0.2     2     2        1 
          36         0.25     2     2        1 
        38.5          0.3     2     2        1 
          42         0.32     2     2        1 
        46.5         0.34     2     2        1 
          52         0.36     2     2        1 
        61.5         0.38     2     2        1 
          83          0.4     2     2        1 
         139         0.42     2     2        1 
          74         0.02     2     3        1 
          76          0.1     2     3        1 
          78         0.15     2     3        1 
          81          0.2     2     3        1 
          86         0.25     2     3        1 
          94          0.3     2     3        1 
         102         0.32     2     3        1 
         112         0.34     2     3        1 
         128         0.36     2     3        1 
         152         0.38     2     3        1 
         200          0.4     2     3        1 
         345         0.42     2     3        1 
         102         0.02     2     4        1 
         106          0.1     2     4        1 
         108         0.15     2     4        1 
         112          0.2     2     4        1 
         121         0.25     2     4        1 
         133          0.3     2     4        1 
         142         0.32     2     4        1 
         156         0.34     2     4        1 
         176         0.36     2     4        1 
         212         0.38     2     4        1 
         280          0.4     2     4        1 
         500         0.42     2     4        1 
         179         0.02     2     5        1 
         186          0.1     2     5        1 
         190         0.15     2     5        1 
         196          0.2     2     5        1 
         204         0.25     2     5        1 
         225          0.3     2     5        1 
         246         0.32     2     5        1 
         265         0.34     2     5        1 
         300         0.36     2     5        1 
         365         0.38     2     5        1 
         478          0.4     2     5        1 
         226         0.02     2     6        1 
         235          0.1     2     6        1 
         238         0.15     2     6        1 
         244          0.2     2     6        1 
         255         0.25     2     6        1 
         280          0.3     2     6        1 
         300         0.32     2     6        1 
         328         0.34     2     6        1 
         370         0.36     2     6        1 
         455         0.38     2     6        1 
         580          0.4     2     6        1 
         280         0.02     2     7        1 
         286          0.1     2     7        1 
         291         0.15     2     7        1 
         299          0.2     2     7        1 
         312         0.25     2     7        1 
         345          0.3     2     7        1 
         370         0.32     2     7        1 
         400         0.34     2     7        1 
         455         0.36     2     7        1 
         550         0.38     2     7        1 
         334         0.02     2     8        1 
         346          0.1     2     8        1 
         352         0.15     2     8        1 
         358          0.2     2     8        1 
         372         0.25     2     8        1 
         407          0.3     2     8        1 
         440         0.32     2     8        1 
         475         0.34     2     8        1 
         542         0.36     2     8        1 
         400         0.02     2     9        1 
         408          0.1     2     9        1 
         415         0.15     2     9        1 
         426          0.2     2     9        1 
         440         0.25     2     9        1 
         485          0.3     2     9        1 
         525         0.32     2     9        1 
         560         0.34     2     9        1 
         468         0.02     2    10        1 
         476          0.1     2    10        1 
         484         0.15     2    10        1 
         494          0.2     2    10        1 
         512         0.25     2    10        1 
         560          0.3     2    10        1 
         600         0.32     2    10        1 
end*** END OF INPUT FILE 'FIT.IN' **********************************
