*** BLOCK I: ATMOSPHERIC INFORMATION  **********************************
   MaxAL                    (MaxAL = number of atmospheric data-records)
    118
 hCritS                 (max. allowed pressure head at the soil surface)
      0
       tAtm        Prec       rSoil       rRoot      hCritA          rB          hB          ht
       0.01           0           0           0           0           0    -100.822           0 
     0.0671           0           0           0           0           0    -100.205           0 
     0.0838           0           0           0           0           0    -100.078           0 
     0.1005           0           0           0           0           0    -99.9819           0 
     0.1338           0           0           0           0           0    -99.8256           0 
     0.1671           0           0           0           0           0    -99.7143           0 
     0.2005           0           0           0           0           0    -99.6235           0 
     0.2505           0           0           0           0           0     -99.497           0 
     0.3505           0           0           0           0           0    -99.3603           0 
     0.4505           0           0           0           0           0    -99.2538           0 
     0.5671           0           0           0           0           0    -99.1572           0 
     0.7338           0           0           0           0           0     -99.061           0 
     1.0171           0           0           0           0           0    -98.9595           0 
     1.4005           0           0           0           0           0    -98.8646           0 
     1.9338           0           0           0           0           0    -98.7733           0 
     2.8671           0           0           0           0           0    -98.6825           0 
     4.2005           0           0           0           0           0    -98.5912           0 
     6.2505           0           0           0           0           0    -98.5258           0 
     8.7171           0           0           0           0           0    -98.4946           0 
    10.7838           0           0           0           0           0    -98.4643           0 
    12.4171           0           0           0           0           0    -98.2314           0 
    12.4505           0           0           0           0           0    -200.273           0 
    12.5005           0           0           0           0           0    -200.161           0 
    12.6338           0           0           0           0           0    -200.046           0 
    12.8005           0           0           0           0           0    -199.911           0 
    12.9671           0           0           0           0           0    -199.808           0 
    13.2171           0           0           0           0           0    -199.685           0 
    13.4671           0           0           0           0           0    -199.587           0 
    13.8005           0           0           0           0           0    -199.481           0 
    14.2171           0           0           0           0           0    -199.377           0 
    14.7171           0           0           0           0           0    -199.271           0 
    15.3005           0           0           0           0           0    -199.174           0 
    16.1338           0           0           0           0           0    -199.076           0 
    17.1338           0           0           0           0           0    -198.984           0 
    18.5505           0           0           0           0           0    -198.889           0 
    20.6338           0           0           0           0           0    -198.803           0 
    23.2171           0           0           0           0           0    -198.713           0 
    25.3005           0           0           0           0           0    -198.681           0 
    27.5505           0           0           0           0           0    -198.652           0 
    29.9671           0           0           0           0           0    -198.615           0 
    32.1338           0           0           0           0           0    -198.592           0 
    35.2171           0           0           0           0           0    -198.594           0 
    48.1171           0           0           0           0           0    -198.398           0 
    48.2671           0           0           0           0           0     -402.48           0 
    48.5505           0           0           0           0           0    -402.379           0 
    48.9671           0           0           0           0           0    -402.308           0 
    49.3838           0           0           0           0           0    -402.239           0 
    49.8838           0           0           0           0           0     -402.16           0 
    50.4671           0           0           0           0           0    -402.086           0 
    51.2171           0           0           0           0           0    -402.011           0 
    52.0505           0           0           0           0           0    -401.931           0 
    52.9671           0           0           0           0           0    -401.853           0 
    53.9671           0           0           0           0           0    -401.787           0 
    55.0505           0           0           0           0           0    -401.713           0 
    56.3005           0           0           0           0           0    -401.633           0 
    57.6338           0           0           0           0           0     -401.56           0 
    59.3838           0           0           0           0           0    -401.487           0 
    61.0505           0           0           0           0           0    -401.425           0 
    62.8838           0           0           0           0           0    -401.355           0 
    64.8838           0           0           0           0           0    -401.281           0 
    67.0505           0           0           0           0           0    -401.221           0 
    69.1338           0           0           0           0           0    -401.173           0 
    71.2171           0           0           0           0           0    -401.257           0 
    73.6338           0           0           0           0           0    -401.214           0 
    75.7171           0           0           0           0           0    -401.164           0 
    77.8838           0           0           0           0           0    -401.125           0 
    80.8005           0           0           0           0           0    -401.094           0 
    82.9671           0           0           0           0           0    -401.062           0 
    86.1338           0           0           0           0           0    -401.028           0 
    88.4671           0           0           0           0           0    -401.001           0 
    90.6338           0           0           0           0           0    -400.972           0 
    92.8838           0           0           0           0           0    -400.945           0 
    95.7171           0           0           0           0           0    -401.011           0 
    97.8005           0           0           0           0           0    -400.986           0 
    99.9671           0           0           0           0           0    -400.955           0 
    102.384           0           0           0           0           0    -400.935           0 
    104.467           0           0           0           0           0     -400.91           0 
    105.917           0           0           0           0           0     -400.89           0 
    107.217           0           0           0           0           0    -706.577           0 
    107.717           0           0           0           0           0    -706.546           0 
      108.8           0           0           0           0           0    -706.489           0 
      109.8           0           0           0           0           0    -706.457           0 
    111.217           0           0           0           0           0    -706.391           0 
    112.634           0           0           0           0           0    -706.329           0 
      114.3           0           0           0           0           0    -706.262           0 
    116.384           0           0           0           0           0    -706.181           0 
      118.3           0           0           0           0           0     -706.11           0 
     121.05           0           0           0           0           0    -706.344           0 
     123.05           0           0           0           0           0    -706.274           0 
    125.134           0           0           0           0           0      -706.2           0 
     127.55           0           0           0           0           0     -706.12           0 
    129.717           0           0           0           0           0    -706.058           0 
    131.884           0           0           0           0           0    -705.994           0 
    133.967           0           0           0           0           0    -705.927           0 
    136.051           0           0           0           0           0    -705.874           0 
    138.134           0           0           0           0           0    -705.812           0 
    140.217           0           0           0           0           0    -705.756           0 
    142.301           0           0           0           0           0    -705.701           0 
    144.384           0           0           0           0           0     -705.65           0 
    147.217           0           0           0           0           0    -706.086           0 
    149.717           0           0           0           0           0    -706.032           0 
    152.134           0           0           0           0           0    -705.969           0 
    154.301           0           0           0           0           0    -705.921           0 
    156.384           0           0           0           0           0    -705.874           0 
    158.801           0           0           0           0           0    -705.816           0 
    161.717           0           0           0           0           0    -705.752           0 
    164.384           0           0           0           0           0     -705.69           0 
    166.884           0           0           0           0           0    -705.631           0 
    168.967           0           0           0           0           0    -705.582           0 
    171.301           0           0           0           0           0    -705.541           0 
    173.551           0           0           0           0           0    -705.935           0 
    175.634           0           0           0           0           0    -705.902           0 
    177.717           0           0           0           0           0    -705.866           0 
    180.217           0           0           0           0           0    -705.814           0 
    182.301           0           0           0           0           0     -705.77           0 
    184.634           0           0           0           0           0    -705.722           0 
    187.384           0           0           0           0           0     -705.66           0 
    190.384           0           0           0           0           0    -705.601           0 
end*** END OF INPUT FILE 'ATMOSPH.IN' **********************************
