      1
Multistep Outflow - Data from Jan Hopmans
Multistep Outflow - Data from Jan Hopmans
   NOBB     MIT iWeight
    229      50       2
  lWatF  lChemF    NMat
      t       f       1
  Model   Hysteresis
      0       0
    thr     ths    Alfa       n         Ks       l
  0.078    0.43   0.036    1.56       1.04     0.5 
      1       1       1       1          1       1 
      0    0.31       0     1.1          0       0 
    0.3       0       0       0          0       0 
      HO(N)         FOS   ITYPE(N) POS     WTS
      0.0671     -45.8032     1     1        1 
      0.0838     -50.0953     1     1        1 
      0.1005     -54.1931     1     1        1 
      0.1338     -60.6825     1     1        1 
      0.1671     -65.6414     1     1        1 
      0.2005      -69.481     1     1        1 
      0.2505     -71.6596     1     1        1 
      0.3505     -77.3143     1     1        1 
      0.4505     -83.6799     1     1        1 
      0.5671      -88.806     1     1        1 
      0.7338     -92.2685     1     1        1 
      1.0171      -94.673     1     1        1 
      1.4005      -97.107     1     1        1 
      1.9338     -98.4074     1     1        1 
      2.8671     -99.3448     1     1        1 
      4.2005     -100.086     1     1        1 
      6.2505     -100.464     1     1        1 
      8.7171     -100.893     1     1        1 
     10.7838     -100.862     1     1        1 
     12.4505     -121.349     1     1        1 
     12.5005      -126.84     1     1        1 
     12.6338     -134.748     1     1        1 
     12.8005     -142.358     1     1        1 
     12.9671     -147.519     1     1        1 
     13.2171      -153.15     1     1        1 
     13.4671     -157.442     1     1        1 
     13.8005     -162.136     1     1        1 
     14.2171     -166.699     1     1        1 
     14.7171     -171.198     1     1        1 
     15.3005     -175.376     1     1        1 
     16.1338     -179.916     1     1        1 
     17.1338     -184.146     1     1        1 
     18.5505     -188.286     1     1        1 
     20.6338     -192.495     1     1        1 
     23.2171     -195.506     1     1        1 
     25.3005     -197.243     1     1        1 
     27.5505     -198.274     1     1        1 
     29.9671     -198.998     1     1        1 
     32.1338     -199.427     1     1        1 
     35.2171     -198.507     1     1        1 
     48.2671     -213.538     1     1        1 
     48.5505     -219.766     1     1        1 
     48.9671     -228.816     1     1        1 
     49.3838     -236.349     1     1        1 
     49.8838     -243.682     1     1        1 
     50.4671     -250.935     1     1        1 
     51.2171     -258.641     1     1        1 
     52.0505     -266.088     1     1        1 
     52.9671      -273.37     1     1        1 
     53.9671     -280.561     1     1        1 
     55.0505     -287.745     1     1        1 
     56.3005     -294.917     1     1        1 
     57.6338     -302.171     1     1        1 
     59.3838     -310.639     1     1        1 
     61.0505     -318.004     1     1        1 
     62.8838     -325.158     1     1        1 
     64.8838     -332.261     1     1        1 
     67.0505     -339.099     1     1        1 
     69.1338     -344.755     1     1        1 
     71.2171     -346.427     1     1        1 
     73.6338      -350.68     1     1        1 
     75.7171     -353.535     1     1        1 
     77.8838     -356.799     1     1        1 
     80.8005      -360.62     1     1        1 
     82.9671     -363.559     1     1        1 
     86.1338     -366.869     1     1        1 
     88.4671     -369.127     1     1        1 
     90.6338     -371.059     1     1        1 
     92.8838     -373.224     1     1        1 
     95.7171     -373.952     1     1        1 
     97.8005     -375.996     1     1        1 
     99.9671      -377.93     1     1        1 
     102.384     -379.265     1     1        1 
     104.467     -380.695     1     1        1 
     107.217     -382.406     1     1        1 
     107.717     -389.579     1     1        1 
       108.8     -401.225     1     1        1 
       109.8     -409.263     1     1        1 
     111.217      -418.02     1     1        1 
     112.634     -425.327     1     1        1 
       114.3     -432.487     1     1        1 
     116.384     -440.978     1     1        1 
       118.3     -448.218     1     1        1 
      121.05     -454.154     1     1        1 
      123.05     -462.059     1     1        1 
     125.134     -468.141     1     1        1 
      127.55     -474.916     1     1        1 
     129.717     -480.226     1     1        1 
     131.884     -485.416     1     1        1 
     133.967      -490.82     1     1        1 
     136.051     -495.904     1     1        1 
     138.134     -500.988     1     1        1 
     140.217     -505.832     1     1        1 
     142.301     -510.477     1     1        1 
     144.384     -514.949     1     1        1 
     147.217     -518.822     1     1        1 
     149.717     -523.879     1     1        1 
     152.134     -528.657     1     1        1 
     154.301     -532.596     1     1        1 
     156.384     -536.243     1     1        1 
     158.801     -540.622     1     1        1 
     161.717     -545.466     1     1        1 
     164.384     -549.765     1     1        1 
     166.884     -553.917     1     1        1 
     168.967     -557.218     1     1        1 
     171.301     -560.385     1     1        1 
     173.551     -562.381     1     1        1 
     175.634     -566.174     1     1        1 
     177.717     -568.929     1     1        1 
     180.217     -572.097     1     1        1 
     182.301      -574.51     1     1        1 
     184.634     -577.285     1     1        1 
     187.384     -580.862     1     1        1 
     190.384     -584.501     1     1        1 
      0.0671     -0.06375     0     2        1 
      0.0838     -0.07686     0     2        1 
      0.1005      -0.0868     0     2        1 
      0.1338     -0.10296     0     2        1 
      0.1671     -0.11447     0     2        1 
      0.2005     -0.12386     0     2        1 
      0.2505     -0.13693     0     2        1 
      0.3505     -0.15106     0     2        1 
      0.4505     -0.16206     0     2        1 
      0.5671     -0.17205     0     2        1 
      0.7338     -0.18199     0     2        1 
      1.0171     -0.19248     0     2        1 
      1.4005     -0.20228     0     2        1 
      1.9338     -0.21172     0     2        1 
      2.8671     -0.22111     0     2        1 
      4.2005     -0.23055     0     2        1 
      6.2505     -0.23731     0     2        1 
      8.7171     -0.24053     0     2        1 
     10.7838     -0.24366     0     2        1 
     12.4505     -0.26773     0     2        1 
     12.5005     -0.27924     0     2        1 
     12.6338     -0.29116     0     2        1 
     12.8005     -0.30506     0     2        1 
     12.9671     -0.31574     0     2        1 
     13.2171      -0.3284     0     2        1 
     13.4671     -0.33857     0     2        1 
     13.8005     -0.34952     0     2        1 
     14.2171     -0.36025     0     2        1 
     14.7171     -0.37125     0     2        1 
     15.3005     -0.38123     0     2        1 
     16.1338     -0.39136     0     2        1 
     17.1338     -0.40084     0     2        1 
     18.5505     -0.41069     0     2        1 
     20.6338     -0.41962     0     2        1 
     23.2171     -0.42892     0     2        1 
     25.3005     -0.43223     0     2        1 
     27.5505     -0.43518     0     2        1 
     29.9671     -0.43904     0     2        1 
     32.1338     -0.44144     0     2        1 
     35.2171     -0.44111     0     2        1 
     48.2671     -0.46058     0     2        1 
     48.5505     -0.47078     0     2        1 
     48.9671     -0.47796     0     2        1 
     49.3838     -0.48486     0     2        1 
     49.8838     -0.49273     0     2        1 
     50.4671     -0.50005     0     2        1 
     51.2171     -0.50742     0     2        1 
     52.0505     -0.51515     0     2        1 
     52.9671     -0.52279     0     2        1 
     53.9671       -0.529     0     2        1 
     55.0505     -0.53609     0     2        1 
     56.3005     -0.54369     0     2        1 
     57.6338     -0.55041     0     2        1 
     59.3838     -0.55704     0     2        1 
     61.0505     -0.56252     0     2        1 
     62.8838     -0.56874     0     2        1 
     64.8838     -0.57532     0     2        1 
     67.0505     -0.58029     0     2        1 
     69.1338     -0.58412     0     2        1 
     71.2171     -0.58759     0     2        1 
     73.6338     -0.59118     0     2        1 
     75.7171     -0.59567     0     2        1 
     77.8838     -0.59893     0     2        1 
     80.8005     -0.60116     0     2        1 
     82.9671     -0.60377     0     2        1 
     86.1338     -0.60619     0     2        1 
     88.4671     -0.60819     0     2        1 
     90.6338      -0.6104     0     2        1 
     92.8838     -0.61244     0     2        1 
     95.7171     -0.61325     0     2        1 
     97.8005     -0.61588     0     2        1 
     99.9671     -0.61901     0     2        1 
     102.384     -0.62112     0     2        1 
     104.467     -0.62365     0     2        1 
     107.217     -0.66777     0     2        1 
     107.717     -0.66976     0     2        1 
       108.8     -0.67329     0     2        1 
       109.8      -0.6743     0     2        1 
     111.217      -0.6779     0     2        1 
     112.634     -0.68109     0     2        1 
       114.3     -0.68423     0     2        1 
     116.384     -0.68793     0     2        1 
       118.3     -0.69086     0     2        1 
      121.05     -0.69271     0     2        1 
      123.05     -0.69611     0     2        1 
     125.134     -0.69967     0     2        1 
      127.55     -0.70328     0     2        1 
     129.717     -0.70552     0     2        1 
     131.884     -0.70796     0     2        1 
     133.967     -0.71087     0     2        1 
     136.051     -0.71231     0     2        1 
     138.134     -0.71468     0     2        1 
     140.217      -0.7164     0     2        1 
     142.301     -0.71802     0     2        1 
     144.384     -0.71933     0     2        1 
     147.217     -0.72122     0     2        1 
     149.717      -0.7225     0     2        1 
     152.134     -0.72481     0     2        1 
     154.301     -0.72599     0     2        1 
     156.384      -0.7273     0     2        1 
     158.801      -0.7291     0     2        1 
     161.717     -0.73068     0     2        1 
     164.384     -0.73246     0     2        1 
     166.884     -0.73421     0     2        1 
     168.967     -0.73562     0     2        1 
     171.301     -0.73587     0     2        1 
     173.551     -0.73634     0     2        1 
     175.634     -0.73679     0     2        1 
     177.717     -0.73762     0     2        1 
     180.217     -0.73947     0     2        1 
     182.301     -0.74117     0     2        1 
     184.634     -0.74284     0     2        1 
     187.384      -0.7454     0     2        1 
     190.384     -0.74738     0     2        1 
    -22.1896     0.429895     5     1       10 
end*** END OF INPUT FILE 'FIT.IN' **********************************
