    2
    1  0.000000e+000  1.000000e+000  1.000000e+000
    2 -2.500000e+001  1.000000e+000  1.000000e+000
  101    1    1    1 x         h         Mat  Lay      Beta           Axz            Bxz            Dxz            Temp          Conc           SConc
    1  0.000000e+000  0.000000e+000    1    1  0.000000e+000  1.000000e+000  1.000000e+000  1.000000e+000  2.000000e+001  0.000000e+000
    2 -2.500000e-001  0.000000e+000    1    1  0.000000e+000  1.000000e+000  1.000000e+000  1.000000e+000  2.000000e+001  0.000000e+000
    3 -5.000000e-001  0.000000e+000    1    1  0.000000e+000  1.000000e+000  1.000000e+000  1.000000e+000  2.000000e+001  0.000000e+000
    4 -7.500000e-001  0.000000e+000    1    1  0.000000e+000  1.000000e+000  1.000000e+000  1.000000e+000  2.000000e+001  0.000000e+000
    5 -1.000000e+000  0.000000e+000    1    1  0.000000e+000  1.000000e+000  1.000000e+000  1.000000e+000  2.000000e+001  0.000000e+000
    6 -1.250000e+000  0.000000e+000    1    1  0.000000e+000  1.000000e+000  1.000000e+000  1.000000e+000  2.000000e+001  0.000000e+000
    7 -1.500000e+000  0.000000e+000    1    1  0.000000e+000  1.000000e+000  1.000000e+000  1.000000e+000  2.000000e+001  0.000000e+000
    8 -1.750000e+000  0.000000e+000    1    1  0.000000e+000  1.000000e+000  1.000000e+000  1.000000e+000  2.000000e+001  0.000000e+000
    9 -2.000000e+000  0.000000e+000    1    1  0.000000e+000  1.000000e+000  1.000000e+000  1.000000e+000  2.000000e+001  0.000000e+000
   10 -2.250000e+000  0.000000e+000    1    1  0.000000e+000  1.000000e+000  1.000000e+000  1.000000e+000  2.000000e+001  0.000000e+000
   11 -2.500000e+000  0.000000e+000    1    1  0.000000e+000  1.000000e+000  1.000000e+000  1.000000e+000  2.000000e+001  0.000000e+000
   12 -2.750000e+000  0.000000e+000    1    1  0.000000e+000  1.000000e+000  1.000000e+000  1.000000e+000  2.000000e+001  0.000000e+000
   13 -3.000000e+000  0.000000e+000    1    1  0.000000e+000  1.000000e+000  1.000000e+000  1.000000e+000  2.000000e+001  0.000000e+000
   14 -3.250000e+000  0.000000e+000    1    1  0.000000e+000  1.000000e+000  1.000000e+000  1.000000e+000  2.000000e+001  0.000000e+000
   15 -3.500000e+000  0.000000e+000    1    1  0.000000e+000  1.000000e+000  1.000000e+000  1.000000e+000  2.000000e+001  0.000000e+000
   16 -3.750000e+000  0.000000e+000    1    1  0.000000e+000  1.000000e+000  1.000000e+000  1.000000e+000  2.000000e+001  0.000000e+000
   17 -4.000000e+000  0.000000e+000    1    1  0.000000e+000  1.000000e+000  1.000000e+000  1.000000e+000  2.000000e+001  0.000000e+000
   18 -4.250000e+000  0.000000e+000    1    1  0.000000e+000  1.000000e+000  1.000000e+000  1.000000e+000  2.000000e+001  0.000000e+000
   19 -4.500000e+000  0.000000e+000    1    1  0.000000e+000  1.000000e+000  1.000000e+000  1.000000e+000  2.000000e+001  0.000000e+000
   20 -4.750000e+000  0.000000e+000    1    1  0.000000e+000  1.000000e+000  1.000000e+000  1.000000e+000  2.000000e+001  0.000000e+000
   21 -5.000000e+000  0.000000e+000    1    1  0.000000e+000  1.000000e+000  1.000000e+000  1.000000e+000  2.000000e+001  0.000000e+000
   22 -5.250000e+000  0.000000e+000    1    1  0.000000e+000  1.000000e+000  1.000000e+000  1.000000e+000  2.000000e+001  0.000000e+000
   23 -5.500000e+000  0.000000e+000    1    1  0.000000e+000  1.000000e+000  1.000000e+000  1.000000e+000  2.000000e+001  0.000000e+000
   24 -5.750000e+000  0.000000e+000    1    1  0.000000e+000  1.000000e+000  1.000000e+000  1.000000e+000  2.000000e+001  0.000000e+000
   25 -6.000000e+000  0.000000e+000    1    1  0.000000e+000  1.000000e+000  1.000000e+000  1.000000e+000  2.000000e+001  0.000000e+000
   26 -6.250000e+000  0.000000e+000    1    1  0.000000e+000  1.000000e+000  1.000000e+000  1.000000e+000  2.000000e+001  0.000000e+000
   27 -6.500000e+000  0.000000e+000    1    1  0.000000e+000  1.000000e+000  1.000000e+000  1.000000e+000  2.000000e+001  0.000000e+000
   28 -6.750000e+000  0.000000e+000    1    1  0.000000e+000  1.000000e+000  1.000000e+000  1.000000e+000  2.000000e+001  0.000000e+000
   29 -7.000000e+000  0.000000e+000    1    1  0.000000e+000  1.000000e+000  1.000000e+000  1.000000e+000  2.000000e+001  0.000000e+000
   30 -7.250000e+000  0.000000e+000    1    1  0.000000e+000  1.000000e+000  1.000000e+000  1.000000e+000  2.000000e+001  0.000000e+000
   31 -7.500000e+000  0.000000e+000    1    1  0.000000e+000  1.000000e+000  1.000000e+000  1.000000e+000  2.000000e+001  0.000000e+000
   32 -7.750000e+000  0.000000e+000    1    1  0.000000e+000  1.000000e+000  1.000000e+000  1.000000e+000  2.000000e+001  0.000000e+000
   33 -8.000000e+000  0.000000e+000    1    1  0.000000e+000  1.000000e+000  1.000000e+000  1.000000e+000  2.000000e+001  0.000000e+000
   34 -8.250000e+000  0.000000e+000    1    1  0.000000e+000  1.000000e+000  1.000000e+000  1.000000e+000  2.000000e+001  0.000000e+000
   35 -8.500000e+000  0.000000e+000    1    1  0.000000e+000  1.000000e+000  1.000000e+000  1.000000e+000  2.000000e+001  0.000000e+000
   36 -8.750000e+000  0.000000e+000    1    1  0.000000e+000  1.000000e+000  1.000000e+000  1.000000e+000  2.000000e+001  0.000000e+000
   37 -9.000000e+000  0.000000e+000    1    1  0.000000e+000  1.000000e+000  1.000000e+000  1.000000e+000  2.000000e+001  0.000000e+000
   38 -9.250000e+000  0.000000e+000    1    1  0.000000e+000  1.000000e+000  1.000000e+000  1.000000e+000  2.000000e+001  0.000000e+000
   39 -9.500000e+000  0.000000e+000    1    1  0.000000e+000  1.000000e+000  1.000000e+000  1.000000e+000  2.000000e+001  0.000000e+000
   40 -9.750000e+000  0.000000e+000    1    1  0.000000e+000  1.000000e+000  1.000000e+000  1.000000e+000  2.000000e+001  0.000000e+000
   41 -1.000000e+001  0.000000e+000    1    1  0.000000e+000  1.000000e+000  1.000000e+000  1.000000e+000  2.000000e+001  0.000000e+000
   42 -1.025000e+001  0.000000e+000    1    1  0.000000e+000  1.000000e+000  1.000000e+000  1.000000e+000  2.000000e+001  0.000000e+000
   43 -1.050000e+001  0.000000e+000    1    1  0.000000e+000  1.000000e+000  1.000000e+000  1.000000e+000  2.000000e+001  0.000000e+000
   44 -1.075000e+001  0.000000e+000    1    1  0.000000e+000  1.000000e+000  1.000000e+000  1.000000e+000  2.000000e+001  0.000000e+000
   45 -1.100000e+001  0.000000e+000    1    1  0.000000e+000  1.000000e+000  1.000000e+000  1.000000e+000  2.000000e+001  0.000000e+000
   46 -1.125000e+001  0.000000e+000    1    1  0.000000e+000  1.000000e+000  1.000000e+000  1.000000e+000  2.000000e+001  0.000000e+000
   47 -1.150000e+001  0.000000e+000    1    1  0.000000e+000  1.000000e+000  1.000000e+000  1.000000e+000  2.000000e+001  0.000000e+000
   48 -1.175000e+001  0.000000e+000    1    1  0.000000e+000  1.000000e+000  1.000000e+000  1.000000e+000  2.000000e+001  0.000000e+000
   49 -1.200000e+001  0.000000e+000    1    1  0.000000e+000  1.000000e+000  1.000000e+000  1.000000e+000  2.000000e+001  0.000000e+000
   50 -1.225000e+001  0.000000e+000    1    1  0.000000e+000  1.000000e+000  1.000000e+000  1.000000e+000  2.000000e+001  0.000000e+000
   51 -1.250000e+001  0.000000e+000    1    1  0.000000e+000  1.000000e+000  1.000000e+000  1.000000e+000  2.000000e+001  0.000000e+000
   52 -1.275000e+001  0.000000e+000    1    1  0.000000e+000  1.000000e+000  1.000000e+000  1.000000e+000  2.000000e+001  0.000000e+000
   53 -1.300000e+001  0.000000e+000    1    1  0.000000e+000  1.000000e+000  1.000000e+000  1.000000e+000  2.000000e+001  0.000000e+000
   54 -1.325000e+001  0.000000e+000    1    1  0.000000e+000  1.000000e+000  1.000000e+000  1.000000e+000  2.000000e+001  0.000000e+000
   55 -1.350000e+001  0.000000e+000    1    1  0.000000e+000  1.000000e+000  1.000000e+000  1.000000e+000  2.000000e+001  0.000000e+000
   56 -1.375000e+001  0.000000e+000    1    1  0.000000e+000  1.000000e+000  1.000000e+000  1.000000e+000  2.000000e+001  0.000000e+000
   57 -1.400000e+001  0.000000e+000    1    1  0.000000e+000  1.000000e+000  1.000000e+000  1.000000e+000  2.000000e+001  0.000000e+000
   58 -1.425000e+001  0.000000e+000    1    1  0.000000e+000  1.000000e+000  1.000000e+000  1.000000e+000  2.000000e+001  0.000000e+000
   59 -1.450000e+001  0.000000e+000    1    1  0.000000e+000  1.000000e+000  1.000000e+000  1.000000e+000  2.000000e+001  0.000000e+000
   60 -1.475000e+001  0.000000e+000    1    1  0.000000e+000  1.000000e+000  1.000000e+000  1.000000e+000  2.000000e+001  0.000000e+000
   61 -1.500000e+001  0.000000e+000    1    1  0.000000e+000  1.000000e+000  1.000000e+000  1.000000e+000  2.000000e+001  0.000000e+000
   62 -1.525000e+001  0.000000e+000    1    1  0.000000e+000  1.000000e+000  1.000000e+000  1.000000e+000  2.000000e+001  0.000000e+000
   63 -1.550000e+001  0.000000e+000    1    1  0.000000e+000  1.000000e+000  1.000000e+000  1.000000e+000  2.000000e+001  0.000000e+000
   64 -1.575000e+001  0.000000e+000    1    1  0.000000e+000  1.000000e+000  1.000000e+000  1.000000e+000  2.000000e+001  0.000000e+000
   65 -1.600000e+001  0.000000e+000    1    1  0.000000e+000  1.000000e+000  1.000000e+000  1.000000e+000  2.000000e+001  0.000000e+000
   66 -1.625000e+001  0.000000e+000    1    1  0.000000e+000  1.000000e+000  1.000000e+000  1.000000e+000  2.000000e+001  0.000000e+000
   67 -1.650000e+001  0.000000e+000    1    1  0.000000e+000  1.000000e+000  1.000000e+000  1.000000e+000  2.000000e+001  0.000000e+000
   68 -1.675000e+001  0.000000e+000    1    1  0.000000e+000  1.000000e+000  1.000000e+000  1.000000e+000  2.000000e+001  0.000000e+000
   69 -1.700000e+001  0.000000e+000    1    1  0.000000e+000  1.000000e+000  1.000000e+000  1.000000e+000  2.000000e+001  0.000000e+000
   70 -1.725000e+001  0.000000e+000    1    1  0.000000e+000  1.000000e+000  1.000000e+000  1.000000e+000  2.000000e+001  0.000000e+000
   71 -1.750000e+001  0.000000e+000    1    1  0.000000e+000  1.000000e+000  1.000000e+000  1.000000e+000  2.000000e+001  0.000000e+000
   72 -1.775000e+001  0.000000e+000    1    1  0.000000e+000  1.000000e+000  1.000000e+000  1.000000e+000  2.000000e+001  0.000000e+000
   73 -1.800000e+001  0.000000e+000    1    1  0.000000e+000  1.000000e+000  1.000000e+000  1.000000e+000  2.000000e+001  0.000000e+000
   74 -1.825000e+001  0.000000e+000    1    1  0.000000e+000  1.000000e+000  1.000000e+000  1.000000e+000  2.000000e+001  0.000000e+000
   75 -1.850000e+001  0.000000e+000    1    1  0.000000e+000  1.000000e+000  1.000000e+000  1.000000e+000  2.000000e+001  0.000000e+000
   76 -1.875000e+001  0.000000e+000    1    1  0.000000e+000  1.000000e+000  1.000000e+000  1.000000e+000  2.000000e+001  0.000000e+000
   77 -1.900000e+001  0.000000e+000    1    1  0.000000e+000  1.000000e+000  1.000000e+000  1.000000e+000  2.000000e+001  0.000000e+000
   78 -1.925000e+001  0.000000e+000    1    1  0.000000e+000  1.000000e+000  1.000000e+000  1.000000e+000  2.000000e+001  0.000000e+000
   79 -1.950000e+001  0.000000e+000    1    1  0.000000e+000  1.000000e+000  1.000000e+000  1.000000e+000  2.000000e+001  0.000000e+000
   80 -1.975000e+001  0.000000e+000    1    1  0.000000e+000  1.000000e+000  1.000000e+000  1.000000e+000  2.000000e+001  0.000000e+000
   81 -2.000000e+001  0.000000e+000    1    1  0.000000e+000  1.000000e+000  1.000000e+000  1.000000e+000  2.000000e+001  0.000000e+000
   82 -2.025000e+001  0.000000e+000    1    1  0.000000e+000  1.000000e+000  1.000000e+000  1.000000e+000  2.000000e+001  0.000000e+000
   83 -2.050000e+001  0.000000e+000    1    1  0.000000e+000  1.000000e+000  1.000000e+000  1.000000e+000  2.000000e+001  0.000000e+000
   84 -2.075000e+001  0.000000e+000    1    1  0.000000e+000  1.000000e+000  1.000000e+000  1.000000e+000  2.000000e+001  0.000000e+000
   85 -2.100000e+001  0.000000e+000    1    1  0.000000e+000  1.000000e+000  1.000000e+000  1.000000e+000  2.000000e+001  0.000000e+000
   86 -2.125000e+001  0.000000e+000    1    1  0.000000e+000  1.000000e+000  1.000000e+000  1.000000e+000  2.000000e+001  0.000000e+000
   87 -2.150000e+001  0.000000e+000    1    1  0.000000e+000  1.000000e+000  1.000000e+000  1.000000e+000  2.000000e+001  0.000000e+000
   88 -2.175000e+001  0.000000e+000    1    1  0.000000e+000  1.000000e+000  1.000000e+000  1.000000e+000  2.000000e+001  0.000000e+000
   89 -2.200000e+001  0.000000e+000    1    1  0.000000e+000  1.000000e+000  1.000000e+000  1.000000e+000  2.000000e+001  0.000000e+000
   90 -2.225000e+001  0.000000e+000    1    1  0.000000e+000  1.000000e+000  1.000000e+000  1.000000e+000  2.000000e+001  0.000000e+000
   91 -2.250000e+001  0.000000e+000    1    1  0.000000e+000  1.000000e+000  1.000000e+000  1.000000e+000  2.000000e+001  0.000000e+000
   92 -2.275000e+001  0.000000e+000    1    1  0.000000e+000  1.000000e+000  1.000000e+000  1.000000e+000  2.000000e+001  0.000000e+000
   93 -2.300000e+001  0.000000e+000    1    1  0.000000e+000  1.000000e+000  1.000000e+000  1.000000e+000  2.000000e+001  0.000000e+000
   94 -2.325000e+001  0.000000e+000    1    1  0.000000e+000  1.000000e+000  1.000000e+000  1.000000e+000  2.000000e+001  0.000000e+000
   95 -2.350000e+001  0.000000e+000    1    1  0.000000e+000  1.000000e+000  1.000000e+000  1.000000e+000  2.000000e+001  0.000000e+000
   96 -2.375000e+001  0.000000e+000    1    1  0.000000e+000  1.000000e+000  1.000000e+000  1.000000e+000  2.000000e+001  0.000000e+000
   97 -2.400000e+001  0.000000e+000    1    1  0.000000e+000  1.000000e+000  1.000000e+000  1.000000e+000  2.000000e+001  0.000000e+000
   98 -2.425000e+001  0.000000e+000    1    1  0.000000e+000  1.000000e+000  1.000000e+000  1.000000e+000  2.000000e+001  0.000000e+000
   99 -2.450000e+001  0.000000e+000    1    1  0.000000e+000  1.000000e+000  1.000000e+000  1.000000e+000  2.000000e+001  0.000000e+000
  100 -2.475000e+001  0.000000e+000    1    1  0.000000e+000  1.000000e+000  1.000000e+000  1.000000e+000  2.000000e+001  0.000000e+000
  101 -2.500000e+001  0.000000e+000    1    1  0.000000e+000  1.000000e+000  1.000000e+000  1.000000e+000  2.000000e+001  0.000000e+000
    3
    1   51  101
