*** BLOCK I: ATMOSPHERIC INFORMATION  **********************************
   MaxAL                    (MaxAL = number of atmospheric data-records)
    184
 hCritS                 (max. allowed pressure head at the soil surface)
      0
       tAtm        Prec       rSoil       rRoot      hCritA          rB          hB          ht        tTop        tBot        Ampl
         62           0           0      0.3719       10000           0           0           0          15           0           5 
         63           0           0      0.3719       10000           0           0           0          12           0           5 
         64           0           0      0.3719       10000           0           0           0          12           0           5 
         65         0.7           0      0.3719       10000           0           0           0          12           0           5 
         66         0.3           0      0.3719       10000           0           0           0          12           0           5 
         67           0           0      0.3719       10000           0           0           0          12           0           5 
         68           0           0      0.3719       10000           0           0           0          12           0           5 
         69           0           0      0.3719       10000           0           0           0          12           0           5 
         70         3.9           0      0.3719       10000           0           0           0          12           0           5 
         71           0           0      0.3719       10000           0           0           0          12           0           5 
         72         1.3           0      0.4292       10000           0           0           0          13           0           5 
         73           0           0      0.4292       10000           0           0           0          13           0           5 
         74           0           0      0.4292       10000           0           0           0          13           0           5 
         75         2.1           0      0.4292       10000           0           0           0          13           0           5 
         76         0.6           0      0.4292       10000           0           0           0          13           0           5 
         77           0           0      0.4292       10000           0           0           0          13           0           5 
         78         1.8           0      0.4292       10000           0           0           0          13           0           5 
         79         5.2           0      0.4292       10000           0           0           0          13           0           5 
         80           0           0      0.4292       10000           0           0           0          13           0           5 
         81         3.8           0      0.4292       10000           0           0           0          13           0           5 
         82           0           0      0.4292       10000           0           0           0          20           0           5 
         83           0           0      0.4292       10000           0           0           0          20           0           5 
         84           0           0      0.4292       10000           0           0           0          20           0           5 
         85           0           0      0.4292       10000           0           0           0          20           0           5 
         86         0.4           0      0.4292       10000           0           0           0          20           0           5 
         87         0.2           0      0.4292       10000           0           0           0          20           0           5 
         88         0.7           0      0.4292       10000           0           0           0          20           0           5 
         89           0           0      0.4292       10000           0           0           0          20           0           5 
         90           0           0      0.4292       10000           0           0           0          20           0           5 
         91           0           0      0.4292       10000           0           0           0          20           0           5 
         92         1.2           0      0.4292       10000           0           0           0          20           0           5 
         93         0.3           0      0.3469       10000           0           0           0          22           0           5 
         94           0           0      0.3469       10000           0           0           0          22           0           5 
         95           0           0      0.3469       10000           0           0           0          22           0           5 
         96         0.6           0      0.3469       10000           0           0           0          22           0           5 
         97           0           0      0.3469       10000           0           0           0          22           0           5 
         98         0.3           0      0.3469       10000           0           0           0          22           0           5 
         99           0           0      0.3469       10000           0           0           0          22           0           5 
        100           0           0      0.3469       10000           0           0           0          24           0           5 
        101           0           0      0.3469       10000           0           0           0          24           0           5 
        102           0           0      0.3469       10000           0           0           0          24           0           5 
        103           0           0      0.4327       10000           0           0           0          24           0           5 
        104         1.2           0      0.4327       10000           0           0           0          24           0           5 
        105         2.9           0      0.4327       10000           0           0           0          24           0           5 
        106           0           0      0.4327       10000           0           0           0          24           0           5 
        107         0.2           0      0.4327       10000           0           0           0          23           0           5 
        108           0           0      0.4327       10000           0           0           0          23           0           5 
        109         0.1           0      0.4327       10000           0           0           0          23           0           5 
        110         2.9           0      0.4327       10000           0           0           0          23           0           5 
        111           0           0      0.4327       10000           0           0           0          23           0           5 
        112           0           0      0.4327       10000           0           0           0          23           0           5 
        113         0.7           0      0.4926       10000           0           0           0          23           0           5 
        114           0           0      0.4926       10000           0           0           0          24           0           5 
        115         0.7           0      0.4926       10000           0           0           0          24           0           5 
        116           0           0      0.4926       10000           0           0           0          24           0           5 
        117         3.5           0      0.4926       10000           0           0           0          24           0           5 
        118           0           0      0.4926       10000           0           0           0          24           0           5 
        119         6.7           0      0.4926       10000           0           0           0          24           0           5 
        120         2.7           0      0.4926       10000           0           0           0          24           0           5 
        121           0           0      0.4926       10000           0           0           0          24           0           5 
        122           0           0      0.4926       10000           0           0           0          24           0           5 
        123         3.2           0      0.5634       10000           0           0           0          24           0           5 
        124           0           0      0.5634       10000           0           0           0          24           0           5 
        125           0           0      0.5634       10000           0           0           0          24           0           5 
        126           0           0      0.5634       10000           0           0           0          24           0           5 
        127         0.3           0      0.5634       10000           0           0           0          24           0           5 
        128         0.1           0      0.5634       10000           0           0           0          24           0           5 
        129         0.2           0      0.5634       10000           0           0           0          24           0           5 
        130           0           0      0.5634       10000           0           0           0          24           0           5 
        131           0           0      0.5634       10000           0           0           0          24           0           5 
        132           0           0      0.5634       10000           0           0           0          24           0           5 
        133           0           0      0.5956       10000           0           0           0          28           0           5 
        134           0           0      0.5956       10000           0           0           0          28           0           5 
        135           0           0      0.5956       10000           0           0           0          28           0           5 
        136           0           0      0.5956       10000           0           0           0          28           0           5 
        137           0           0      0.5956       10000           0           0           0          28           0           5 
        138         2.5           0      0.5956       10000           0           0           0          28           0           5 
        139           0           0      0.5956       10000           0           0           0          28           0           5 
        140         0.8           0      0.5956       10000           0           0           0          28           0           5 
        141         7.5           0      0.5956       10000           0           0           0          28           0           5 
        142           0           0      0.5956       10000           0           0           0          28           0           5 
        143         1.2           0      0.6282       10000           0           0           0          25           0           5 
        144         1.5           0      0.6282       10000           0           0           0          25           0           5 
        145           0           0      0.6282       10000           0           0           0          25           0           5 
        146         9.1           0      0.6282       10000           0           0           0          25           0           5 
        147         0.3           0      0.6282       10000           0           0           0          25           0           5 
        148         0.8           0      0.6282       10000           0           0           0          25           0           5 
        149         0.1           0      0.6282       10000           0           0           0          25           0           5 
        150         3.3           0      0.6282       10000           0           0           0          25           0           5 
        151           0           0      0.6282       10000           0           0           0          25           0           5 
        152         3.2           0      0.6282       10000           0           0           0          25           0           5 
        153           0           0      0.6282       10000           0           0           0          25           0           5 
        154           0           0      0.5883       10000           0           0           0          23           0           5 
        155           0           0      0.5883       10000           0           0           0          23           0           5 
        156           0           0      0.5883       10000           0           0           0          23           0           5 
        157           0           0      0.5883       10000           0           0           0          23           0           5 
        158           0           0      0.5883       10000           0           0           0          23           0           5 
        159           0           0      0.5883       10000           0           0           0          23           0           5 
        160         2.1           0      0.5883       10000           0           0           0          23           0           5 
        161         0.3           0      0.5883       10000           0           0           0          26           0           5 
        162           0           0      0.5883       10000           0           0           0          26           0           5 
        163           0           0      0.5883       10000           0           0           0          26           0           5 
        164           0           0      0.4688       10000           0           0           0          26           0           5 
        165         0.9           0      0.4688       10000           0           0           0          26           0           5 
        166         0.4           0      0.4688       10000           0           0           0          26           0           5 
        167           0           0      0.4688       10000           0           0           0          26           0           5 
        168           0           0      0.4688       10000           0           0           0          26           0           5 
        169           0           0      0.4688       10000           0           0           0          22           0           5 
        170           0           0      0.4688       10000           0           0           0          22           0           5 
        171           0           0      0.4688       10000           0           0           0          22           0           5 
        172           0           0      0.4688       10000           0           0           0          22           0           5 
        173           0           0      0.4688       10000           0           0           0          22           0           5 
        174           0           0      0.4688       10000           0           0           0          22           0           5 
        175           0           0      0.4688       10000           0           0           0          22           0           5 
        176           0           0      0.4688       10000           0           0           0          22           0           5 
        177           0           0      0.4688       10000           0           0           0          22           0           5 
        178         1.8           0      0.4688       10000           0           0           0          22           0           5 
        179           0           0      0.4688       10000           0           0           0          22           0           5 
        180         0.8           0      0.4688       10000           0           0           0          23           0           5 
        181           0           0      0.4688       10000           0           0           0          23           0           5 
        182         5.6           0      0.4688       10000           0           0           0          23           0           5 
        183           0           0      0.4688       10000           0           0           0          23           0           5 
        184           0           0      0.4688       10000           0           0           0          23           0           5 
        185         0.1           0      0.3878       10000           0           0           0          23           0           5 
        186         0.2           0      0.3878       10000           0           0           0          23           0           5 
        187         0.1           0      0.3878       10000           0           0           0          23           0           5 
        188           0           0      0.3878       10000           0           0           0          23           0           5 
        189           0           0      0.3878       10000           0           0           0          21           0           5 
        190           0           0      0.3878       10000           0           0           0          21           0           5 
        191           0           0      0.3878       10000           0           0           0          21           0           5 
        192         0.9           0      0.3878       10000           0           0           0          21           0           5 
        193           0           0      0.3878       10000           0           0           0          21           0           5 
        194           0           0      0.3878       10000           0           0           0          21           0           5 
        195           0           0      0.3385       10000           0           0           0          19           0           5 
        196           0           0      0.3385       10000           0           0           0          19           0           5 
        197           0           0      0.3385       10000           0           0           0          19           0           5 
        198         0.2           0      0.3385       10000           0           0           0          19           0           5 
        199           0           0      0.3385       10000           0           0           0          17           0           5 
        200           0           0      0.3385       10000           0           0           0          17           0           5 
        201           0           0      0.3385       10000           0           0           0          17           0           5 
        202           0           0      0.3385       10000           0           0           0          17           0           5 
        203           0           0      0.3385       10000           0           0           0          17           0           5 
        204           0           0      0.3385       10000           0           0           0          17           0           5 
        205           0           0       0.268       10000           0           0           0          18           0           5 
        206           0           0       0.268       10000           0           0           0          18           0           5 
        207           0           0       0.268       10000           0           0           0          18           0           5 
        208           0           0       0.268       10000           0           0           0          18           0           5 
        209           0           0       0.268       10000           0           0           0          18           0           5 
        210           0           0       0.268       10000           0           0           0          18           0           5 
        211           0           0       0.268       10000           0           0           0          18           0           5 
        212           0           0       0.268       10000           0           0           0          18           0           5 
        213           0           0       0.268       10000           0           0           0          18           0           5 
        214           0           0       0.268       10000           0           0           0          18           0           5 
        215           0           0      0.2686       10000           0           0           0          18           0           5 
        216           0           0      0.2686       10000           0           0           0          17           0           5 
        217           0           0      0.2686       10000           0           0           0          17           0           5 
        218         0.2           0      0.2686       10000           0           0           0          17           0           5 
        219         0.2           0      0.2686       10000           0           0           0          17           0           5 
        220         0.4           0      0.2686       10000           0           0           0          17           0           5 
        221           0           0      0.2686       10000           0           0           0          17           0           5 
        222           0           0      0.2686       10000           0           0           0          16           0           5 
        223           0           0      0.2686       10000           0           0           0          16           0           5 
        224         0.3           0      0.2686       10000           0           0           0          16           0           5 
        225           0           0      0.1865       10000           0           0           0          15           0           5 
        226         0.2           0      0.1865       10000           0           0           0          15           0           5 
        227         0.3           0      0.1865       10000           0           0           0          15           0           5 
        228         3.7           0      0.1865       10000           0           0           0          15           0           5 
        229           0           0      0.1865       10000           0           0           0          13           0           5 
        230           0           0      0.1865       10000           0           0           0          13           0           5 
        231         0.2           0      0.1865       10000           0           0           0          13           0           5 
        232         1.8           0      0.1865       10000           0           0           0          13           0           5 
        233         0.8           0      0.1865       10000           0           0           0          13           0           5 
        234           0           0      0.1865       10000           0           0           0          13           0           5 
        235           0           0      0.1305       10000           0           0           0          13           0           5 
        236         0.8           0      0.1305       10000           0           0           0          10           0           5 
        237         0.2           0      0.1305       10000           0           0           0          10           0           5 
        238           0           0      0.1305       10000           0           0           0          10           0           5 
        239           0           0      0.1305       10000           0           0           0          10           0           5 
        240         0.3           0      0.1305       10000           0           0           0          10           0           5 
        241           0           0      0.1305       10000           0           0           0          10           0           5 
        242           0           0      0.1305       10000           0           0           0          10           0           5 
        243           0           0      0.1305       10000           0           0           0          10           0           5 
        244           0           0      0.1305       10000           0           0           0          10           0           5 
        245           0           0      0.1305       10000           0           0           0          10           0           5 
end*** END OF INPUT FILE 'ATMOSPH.IN' **********************************
