      1
Upward infiltration with bottom tension
Parameter Estimation of Soil Hydraulic Properties
   NOBB     MIT iWeight
    160      50       2
  lWatF  lChemF    NMat
      t       f       1
  Model   Hysteresis
      0       0
    thr     ths    Alfa       n         Ks       l
  0.067    0.45    0.02    1.41   0.000125       1 
      1       1       1       1          1       1 
 0.0001     0.3       0     1.1          0       0 
    0.2     0.8       0     4.5          0       0 
      HO(N)         FOS   ITYPE(N) POS     WTS
     3.44549       0.0607     0     2        1 
     5.15981       0.0746     0     2        1 
     8.45898       0.0953     0     2        1 
     10.9845        0.108     0     2        1 
     14.3447        0.123     0     2        1 
      17.705        0.136     0     2        1 
     21.5453         0.15     0     2        1 
     27.2866        0.168     0     2        1 
     32.9645        0.184     0     2        1 
     40.1003        0.203     0     2        1 
     47.4791         0.22     0     2        1 
     53.8037        0.234     0     2        1 
     60.1284        0.246     0     2        1 
     69.0883        0.264     0     2        1 
     78.6807        0.281     0     2        1 
     86.9027        0.295     0     2        1 
     95.1247        0.308     0     2        1 
     105.402        0.323     0     2        1 
     119.484        0.344     0     2        1 
     135.714        0.365     0     2        1 
     149.626        0.383     0     2        1 
     167.227        0.404     0     2        1 
     188.256        0.428     0     2        1 
     209.286         0.45     0     2        1 
     227.311        0.469     0     2        1 
     245.336        0.486     0     2        1 
     267.993        0.507     0     2        1 
     287.645        0.525     0     2        1 
     307.298        0.542     0     2        1 
     343.621        0.571     0     2        1 
     371.501        0.593     0     2        1 
     407.553         0.62     0     2        1 
     449.613         0.65     0     2        1 
     485.664        0.674     0     2        1 
     521.716        0.698     0     2        1 
     563.776        0.724     0     2        1 
     612.513        0.753     0     2        1 
     670.644        0.786     0     2        1 
     740.282        0.824     0     2        1 
     811.268         0.86     0     2        1 
     882.254        0.895     0     2        1 
      953.24        0.928     0     2        1 
     1033.17        0.964     0     2        1 
     1125.04            1     0     2        1 
     1230.03         1.05     0     2        1 
     1335.01         1.09     0     2        1 
        1440         1.13     0     2        1 
     1577.14         1.17     0     2        1 
     1697.14         1.21     0     2        1 
        1800         1.25     0     2        1 
        1920         1.29     0     2        1 
        2040         1.32     0     2        1 
        2160         1.36     0     2        1 
     2318.42          1.4     0     2        1 
     2543.05         1.46     0     2        1 
     2722.76         1.51     0     2        1 
        2880         1.55     0     2        1 
      3037.5         1.59     0     2        1 
      3262.5         1.64     0     2        1 
     3431.25         1.68     0     2        1 
        3600         1.71     0     2        1 
      3830.4         1.76     0     2        1 
     4094.03         1.81     0     2        1 
        4320         1.86     0     2        1 
     4695.16         1.93     0     2        1 
     5105.46            2     0     2        1 
        5904          2.1     0     2        1 
        6840         2.16     0     2        1 
        7200         2.17     0     2        1 
      73.199         -750     1     2        1 
     114.847         -750     1     2        1 
     317.488         -750     1     2        1 
      503.69         -750     1     2        1 
     730.141         -750     1     2        1 
     943.099         -750     1     2        1 
     1164.41         -750     1     2        1 
     1474.29         -750     1     2        1 
     1834.29     -749.992     1     2        1 
     1988.57     -749.222     1     2        1 
     2142.86     -702.272     1     2        1 
     2194.29      -608.79     1     2        1 
     2251.03     -466.094     1     2        1 
     2318.42     -314.614     1     2        1 
     2385.81     -223.118     1     2        1 
      2453.2     -168.238     1     2        1 
     2565.52     -116.741     1     2        1 
     2632.91      -98.228     1     2        1 
      2700.3      -85.968     1     2        1 
     2767.69      -75.885     1     2        1 
     2835.07      -68.886     1     2        1 
      2902.5      -62.996     1     2        1 
        2970       -58.27     1     2        1 
      3082.5      -52.257     1     2        1 
        3150      -49.132     1     2        1 
      3217.5      -46.575     1     2        1 
     3290.63      -44.427     1     2        1 
        3375      -42.012     1     2        1 
     3459.38       -39.78     1     2        1 
     3543.75      -38.102     1     2        1 
      3628.8      -36.595     1     2        1 
      3715.2      -35.085     1     2        1 
      3801.6      -33.801     1     2        1 
     3905.72       -32.47     1     2        1 
     4094.03      -30.313     1     2        1 
     4207.02       -29.24     1     2        1 
        4320      -28.233     1     2        1 
     4433.68      -27.237     1     2        1 
     4547.37       -26.27     1     2        1 
     4695.16      -24.871     1     2        1 
     4902.06      -22.631     1     2        1 
     5105.46      -20.239     1     2        1 
     5356.05      -17.323     1     2        1 
        5760      -13.431     1     2        1 
        6192       -10.49     1     2        1 
        6660        -8.59     1     2        1 
        7200       -7.527     1     2        1 
      61.182       0.1336     2     2        1 
     121.802       0.1336     2     2        1 
     303.367       0.1336     2     2        1 
     620.191       0.1336     2     2        1 
     1308.77       0.1336     2     2        1 
     1885.71       0.1336     2     2        1 
     2194.29       0.1403     2     2        1 
     2251.03       0.1505     2     2        1 
     2318.42       0.1679     2     2        1 
     2385.81       0.1867     2     2        1 
      2453.2       0.2043     2     2        1 
     2565.52       0.2303     2     2        1 
     2632.91       0.2439     2     2        1 
      2700.3       0.2553     2     2        1 
     2767.69       0.2654     2     2        1 
     2835.07       0.2745     2     2        1 
      2902.5       0.2822     2     2        1 
        2970        0.289     2     2        1 
      3082.5       0.2991     2     2        1 
        3150       0.3043     2     2        1 
      3217.5        0.309     2     2        1 
     3290.63       0.3135     2     2        1 
        3375       0.3185     2     2        1 
     3459.38       0.3231     2     2        1 
     3543.75       0.3266     2     2        1 
      3628.8       0.3302     2     2        1 
      3715.2       0.3339     2     2        1 
      3801.6       0.3371     2     2        1 
     3905.72       0.3404     2     2        1 
     4094.03       0.3457     2     2        1 
     4207.02       0.3486     2     2        1 
        4320       0.3514     2     2        1 
     4433.68       0.3542     2     2        1 
     4547.37       0.3569     2     2        1 
     4695.16       0.3609     2     2        1 
     4902.06       0.3674     2     2        1 
     5105.46       0.3748     2     2        1 
     5356.05       0.3839     2     2        1 
        5760       0.3964     2     2        1 
        6192       0.4058     2     2        1 
        6660       0.4117     2     2        1 
        7200       0.4149     2     2        1 
        -750       0.1336     5     1       20 
        -4.8       0.4222     5     1       20 
end*** END OF INPUT FILE 'FIT.IN' **********************************
