      1
Transient flow infolving hysteresis with solute transport
Parameter Estimation of Soil Hydraulic Properties
   NOBB     MIT iWeight
    340      50       2
  lWatF  lChemF    NMat
      t       f       1
  Model   Hysteresis
      0       2
  iQSame  lAw2Ad  lKSame  IKappa
      1      f       f       0
    thr     ths    Alfa       n         Ks       l      thm     thsW   AlfaW       KsW
   0.05    0.45    0.01     2.5          5     0.5    0.45     0.4       0.02       3 
      0       0       1       1          0       0       0       0          1       0 
      0     0.2       0     1.2          4       0    0.32       0          0     0.1 
   0.15     0.6       0       5        150       0     0.6       0          0       5 
      HO(N)         FOS   ITYPE(N) POS     WTS
     0.00033     -614.433     1     1        1 
     0.00203     -193.731     1     1        1 
     0.00316     -134.614     1     1        1 
     0.00564      -80.036     1     1        1 
     0.00894      -54.883     1     1        1 
     0.01175      -44.283     1     1        1 
     0.01677      -33.582     1     1        1 
     0.02401      -25.166     1     1        1 
     0.03313      -19.185     1     1        1 
     0.06025      -11.067     1     1        1 
      0.0894       -6.872     1     1        1 
     0.12597       -3.511     1     1        1 
     0.16234       -1.093     1     1        1 
     0.17792       -0.191     1     1        1 
     0.18463            0     1     1        1 
     0.19134            0     1     1        1 
     0.19805            0     1     1        1 
     0.25844            0     1     1        1 
     0.35848            0     1     1        1 
     0.51136            0     1     1        1 
     0.70779            0     1     1        1 
     0.94156            0     1     1        1 
           1            0     1     1        1 
       1.001       -4.229     1     1        1 
     1.00499       -7.382     1     1        1 
     1.04362      -15.229     1     1        1 
     1.19201       -24.27     1     1        1 
     1.41517      -30.383     1     1        1 
        2.05      -38.694     1     1        1 
        2.65      -43.096     1     1        1 
        3.25      -46.258     1     1        1 
        3.75      -48.373     1     1        1 
        4.15      -49.869     1     1        1 
         4.7      -51.698     1     1        1 
        5.35      -53.586     1     1        1 
           6      -55.223     1     1        1 
        6.65      -56.659     1     1        1 
         7.4      -58.122     1     1        1 
         8.2      -59.504     1     1        1 
         8.9      -60.608     1     1        1 
         9.6      -61.645     1     1        1 
        10.4      -62.753     1     1        1 
        11.2      -63.785     1     1        1 
      12.002      -59.483     1     1        1 
     12.2255      -18.417     1     1        1 
        12.5      -12.213     1     1        1 
        12.8       -9.222     1     1        1 
     13.0023      -10.427     1     1        1 
     13.0426      -16.867     1     1        1 
     13.3631      -27.792     1     1        1 
      13.853      -34.101     1     1        1 
       14.25      -37.227     1     1        1 
        14.7      -39.875     1     1        1 
        15.2      -42.194     1     1        1 
        15.6      -43.749     1     1        1 
       15.95      -44.954     1     1        1 
       16.45       -46.48     1     1        1 
        17.2      -48.459     1     1        1 
       18.05      -50.403     1     1        1 
        18.9      -52.108     1     1        1 
     19.7499      -53.639     1     1        1 
        20.7       -55.18     1     1        1 
        21.5      -56.361     1     1        1 
       22.25      -57.385     1     1        1 
          23      -58.338     1     1        1 
     23.7999      -59.287     1     1        1 
          24      -59.514     1     1        1 
     0.00203        -1050     1     2        1 
     0.01677        -1050     1     2        1 
      0.0682        -1050     1     2        1 
     0.18463        -1050     1     2        1 
     0.26515        -1050     1     2        1 
     0.30541     -1036.42     1     2        1 
     0.33195     -665.682     1     2        1 
     0.34079     -475.599     1     2        1 
     0.34964     -341.921     1     2        1 
     0.35848     -248.154     1     2        1 
     0.36733     -184.561     1     2        1 
     0.37617     -142.587     1     2        1 
     0.38502     -113.542     1     2        1 
     0.39386      -92.612     1     2        1 
     0.40271      -77.559     1     2        1 
     0.41155      -67.074     1     2        1 
      0.4204       -57.83     1     2        1 
     0.42924      -51.019     1     2        1 
     0.44103      -43.773     1     2        1 
     0.45283      -37.778     1     2        1 
     0.46462      -33.684     1     2        1 
     0.47641      -30.012     1     2        1 
     0.52273      -21.409     1     2        1 
     0.57955       -15.93     1     2        1 
     0.68182      -11.027     1     2        1 
     0.83929       -7.495     1     2        1 
       1.002       -5.609     1     2        1 
     1.02487       -9.406     1     2        1 
     1.08166      -14.065     1     2        1 
     1.23818      -20.126     1     2        1 
     1.64315      -27.228     1     2        1 
         2.1      -31.604     1     2        1 
         2.8      -36.007     1     2        1 
        3.55      -39.351     1     2        1 
        4.15      -41.531     1     2        1 
         4.9      -43.854     1     2        1 
        5.75       -46.04     1     2        1 
        6.55      -47.767     1     2        1 
        7.55       -49.61     1     2        1 
        8.45      -51.061     1     2        1 
         9.5      -52.593     1     2        1 
        10.6       -54.05     1     2        1 
       11.35      -54.967     1     2        1 
      12.001      -55.719     1     2        1 
     12.1549      -53.954     1     2        1 
        12.6      -28.623     1     2        1 
       12.75      -21.516     1     2        1 
       12.95      -15.595     1     2        1 
     13.0176      -14.357     1     2        1 
     13.0565      -15.419     1     2        1 
     13.2162      -19.453     1     2        1 
     13.5101      -23.851     1     2        1 
      13.853      -27.087     1     2        1 
        14.4      -30.617     1     2        1 
          15       -33.42     1     2        1 
        15.5      -35.317     1     2        1 
          16      -36.933     1     2        1 
       16.55       -38.47     1     2        1 
        17.3      -40.293     1     2        1 
       17.85       -41.49     1     2        1 
        18.5      -42.792     1     2        1 
        19.1      -43.907     1     2        1 
     19.8499      -45.193     1     2        1 
        20.7      -46.522     1     2        1 
       21.45      -47.593     1     2        1 
       22.25       -48.65     1     2        1 
          23      -49.571     1     2        1 
     23.8499      -50.547     1     2        1 
          24      -50.713     1     2        1 
     0.00033        -1040     1     3        1 
     0.03921        -1040     1     3        1 
     0.20476        -1040     1     3        1 
     0.41155        -1040     1     3        1 
      0.7224        -1040     1     3        1 
     0.91234        -1040     1     3        1 
      1.0033     -1030.15     1     3        1 
     1.02487      -976.33     1     3        1 
     1.06796     -534.018     1     3        1 
     1.14584     -161.524     1     3        1 
      1.2151      -95.675     1     3        1 
     1.32283      -64.528     1     3        1 
     1.49315      -49.483     1     3        1 
     1.97157      -40.851     1     3        1 
         2.4      -39.692     1     3        1 
         2.9      -40.085     1     3        1 
        3.25       -40.48     1     3        1 
         3.9      -41.922     1     3        1 
         4.4      -42.845     1     3        1 
         4.7      -43.282     1     3        1 
         5.7      -44.615     1     3        1 
        6.55      -45.746     1     3        1 
         7.6      -47.043     1     3        1 
         8.6      -48.263     1     3        1 
        9.55      -49.274     1     3        1 
       10.55      -50.233     1     3        1 
        11.6      -51.186     1     3        1 
     12.0332      -51.556     1     3        1 
        12.6      -50.752     1     3        1 
      13.001      -40.664     1     3        1 
     13.0128      -40.134     1     3        1 
     13.0565      -38.006     1     3        1 
     13.0743      -37.198     1     3        1 
     13.0974      -36.127     1     3        1 
     13.1275      -34.811     1     3        1 
     13.1672      -33.363     1     3        1 
     13.2162      -31.999     1     3        1 
     13.2652       -30.94     1     3        1 
     13.3141      -30.183     1     3        1 
     13.3631      -29.643     1     3        1 
     13.6081      -28.503     1     3        1 
      13.804      -28.481     1     3        1 
       14.05      -28.854     1     3        1 
        14.5       -29.94     1     3        1 
       15.15      -31.535     1     3        1 
        16.2      -33.905     1     3        1 
        17.1      -35.722     1     3        1 
       17.75      -36.917     1     3        1 
        18.3      -37.866     1     3        1 
          19      -38.984     1     3        1 
     19.7499      -40.084     1     3        1 
        20.5      -41.099     1     3        1 
        21.5      -42.344     1     3        1 
        22.5      -43.486     1     3        1 
       23.25      -44.283     1     3        1 
          24      -45.034     1     3        1 
     0.00033       0.0643     2     1        1 
     0.00252       0.1036     2     1        1 
     0.00481       0.1424     2     1        1 
     0.00754       0.1805     2     1        1 
     0.01175        0.223     2     1        1 
     0.01677       0.2598     2     1        1 
     0.02401        0.297     2     1        1 
     0.03009       0.3189     2     1        1 
     0.03921       0.3412     2     1        1 
     0.04833       0.3566     2     1        1 
      0.0947       0.3894     2     1        1 
     0.15195       0.3992     2     1        1 
     0.20476          0.4     2     1        1 
      0.2987          0.4     2     1        1 
     0.41155          0.4     2     1        1 
     0.60227          0.4     2     1        1 
     0.75162          0.4     2     1        1 
     0.95617          0.4     2     1        1 
       1.001       0.3988     2     1        1 
     1.01375       0.3925     2     1        1 
     1.09967       0.3752     2     1        1 
     1.38439       0.3508     2     1        1 
     1.84315       0.3323     2     1        1 
        2.35       0.3205     2     1        1 
        2.95       0.3109     2     1        1 
        3.75       0.3017     2     1        1 
        4.35       0.2965     2     1        1 
         4.9       0.2923     2     1        1 
         5.5       0.2883     2     1        1 
           6       0.2854     2     1        1 
         6.6       0.2822     2     1        1 
        7.15       0.2796     2     1        1 
         7.5       0.2781     2     1        1 
       7.975       0.2761     2     1        1 
        8.65       0.2736     2     1        1 
        9.45       0.2712     2     1        1 
       10.25        0.269     2     1        1 
        11.1       0.2668     2     1        1 
       11.95       0.2648     2     1        1 
     12.0791       0.3313     2     1        1 
     12.3431       0.3748     2     1        1 
       12.65       0.3891     2     1        1 
          13       0.3957     2     1        1 
     13.0565       0.3794     2     1        1 
     13.4611       0.3516     2     1        1 
      13.951       0.3368     2     1        1 
       14.55       0.3259     2     1        1 
        15.1       0.3189     2     1        1 
        15.7       0.3127     2     1        1 
       16.55       0.3057     2     1        1 
       17.35       0.3007     2     1        1 
       18.15       0.2964     2     1        1 
     18.9499       0.2926     2     1        1 
     19.6499       0.2896     2     1        1 
        20.5       0.2863     2     1        1 
          21       0.2845     2     1        1 
          22       0.2811     2     1        1 
          23       0.2781     2     1        1 
          24       0.2753     2     1        1 
     0.00203       0.0584     2     2        1 
     0.04225       0.0584     2     2        1 
     0.21147       0.0584     2     2        1 
     0.33195       0.0633     2     2        1 
     0.37617       0.1111     2     2        1 
     0.40271       0.1577     2     2        1 
     0.42924       0.2051     2     2        1 
     0.46462       0.2594     2     2        1 
         0.5       0.2983     2     2        1 
     0.53409       0.3233     2     2        1 
     0.61364        0.356     2     2        1 
      0.7224       0.3754     2     2        1 
      1.0033       0.3913     2     2        1 
     1.12276       0.3769     2     2        1 
     1.29205       0.3656     2     2        1 
     1.74315       0.3488     2     2        1 
         2.3       0.3367     2     2        1 
        2.95       0.3269     2     2        1 
         3.5       0.3207     2     2        1 
       3.975       0.3161     2     2        1 
           4       0.3159     2     2        1 
        5.05       0.3075     2     2        1 
        6.25       0.3001     2     2        1 
         6.9        0.297     2     2        1 
        7.85       0.2931     2     2        1 
        8.75       0.2898     2     2        1 
          10       0.2857     2     2        1 
        10.8       0.2833     2     2        1 
        11.7       0.2808     2     2        1 
     12.0249       0.2799     2     2        1 
     12.1549       0.2831     2     2        1 
     12.4662       0.3132     2     2        1 
       12.85       0.3662     2     2        1 
     13.0091       0.3785     2     2        1 
     13.3141       0.3644     2     2        1 
     13.6571       0.3546     2     2        1 
        14.1       0.3459     2     2        1 
        14.6       0.3387     2     2        1 
        15.1        0.333     2     2        1 
        15.7       0.3273     2     2        1 
        16.3       0.3226     2     2        1 
          17        0.318     2     2        1 
          18       0.3123     2     2        1 
          19       0.3074     2     2        1 
          20        0.303     2     2        1 
          21       0.2991     2     2        1 
          22       0.2958     2     2        1 
          23       0.2929     2     2        1 
          24       0.2903     2     2        1 
     0.01857       0.0585     2     3        1 
      0.0682       0.0585     2     3        1 
      0.0947       0.0585     2     3        1 
     0.11039       0.0585     2     3        1 
       0.232       0.0585     2     3        1 
       0.358       0.0585     2     3        1 
       0.682       0.0585     2     3        1 
       1.018       0.0587     2     3        1 
       1.205        0.134     2     3        1 
       1.282       0.1647     2     3        1 
       1.419       0.1979     2     3        1 
       1.646       0.2222     2     3        1 
       1.896       0.2319     2     3        1 
         2.1       0.2359     2     3        1 
           3       0.2381     2     3        1 
         3.6       0.2373     2     3        1 
         4.5        0.234     2     3        1 
        5.25       0.2321     2     3        1 
        6.05       0.2302     2     3        1 
           7        0.228     2     3        1 
           8       0.2258     2     3        1 
           9       0.2239     2     3        1 
          10       0.2222     2     3        1 
        11.1       0.2205     2     3        1 
      12.044       0.2192     2     3        1 
        12.5       0.2204     2     3        1 
          13       0.2488     2     3        1 
       13.51       0.2919     2     3        1 
          14       0.2921     2     3        1 
        14.5       0.2897     2     3        1 
          15        0.287     2     3        1 
          16       0.2821     2     3        1 
          17       0.2777     2     3        1 
          18       0.2738     2     3        1 
          19       0.2704     2     3        1 
        20.1       0.2671     2     3        1 
          21       0.2646     2     3        1 
          22       0.2621     2     3        1 
          23       0.2598     2     3        1 
          24       0.2577     2     3        1 
end*** END OF INPUT FILE 'FIT.IN' **********************************
