Pcp_File_Version=4
*** BLOCK I: ATMOSPHERIC INFORMATION  **********************************
   MaxAL                    (MaxAL = number of atmospheric data-records)
    300
 DailyVar  SinusVar  lDummy  lDummy  lDummy  lDummy  lDummy  lDummy  lDummy  lDummy
       f       f       f       f       f       t       f       f       f       f
 hCritS                 (max. allowed pressure head at the soil surface)
      0
       tAtm        Prec       rSoil       rRoot      hCritA          rB          hB          ht        tTop        tBot        Ampl        cTop        cBot   RootDepth
          1           0        0.04           0        2000           0           0           0           0           0           0        3001        4001 
          2       0.005        0.01           0        2000           0           0           0           0           0           0        3001        4001 
          3       0.005        0.02           0        2000           0           0           0           0           0           0        3001        4001 
          4        0.13           0           0        2000           0           0           0           0           0           0        3001        4001 
          5        0.04           0           0        2000           0           0           0           0           0           0        3001        4001 
          6           0        0.02           0        2000           0           0           0           0           0           0        3001        4001 
          7        0.03        0.01           0        2000           0           0           0           0           0           0        3001        4001 
          8        0.07           0           0        2000           0           0           0           0           0           0        3001        4001 
          9       0.005           0           0        2000           0           0           0           0           0           0        3001        4001 
         10        0.12           0           0        2000           0           0           0           0           0           0        3001        4001 
         11        0.72           0           0        2000           0           0           0           0           0           0        3001        4001 
         12        0.37        0.03           0        2000           0           0           0           0           0           0        3001        4001 
         13        0.07        0.03           0        2000           0           0           0           0           0           0        3001        4001 
         14       0.005        0.02           0        2000           0           0           0           0           0           0        3001        4001 
         15        0.03        0.03           0        2000           0           0           0           0           0           0        3001        4001 
         16           0        0.05           0        2000           0           0           0           0           0           0        3001        4001 
         17           0        0.08           0        2000           0           0           0           0           0           0        3001        4001 
         18           0           0           0        2000           0           0           0           0           0           0        3001        4001 
         19        0.43           0           0        2000           0           0           0           0           0           0        3001        4001 
         20        0.72        0.01           0        2000           0           0           0           0           0           0        3001        4001 
         21           0        0.01           0        2000           0           0           0           0           0           0        3001        4001 
         22           0        0.02           0        2000           0           0           0           0           0           0        3001        4001 
         23           0           0           0        2000           0           0           0           0           0           0        3001        4001 
         24        0.64        0.01           0        2000           0           0           0           0           0           0        3001        4001 
         25        0.04        0.02           0        2000           0           0           0           0           0           0        3001        4001 
         26        0.83        0.03           0        2000           0           0           0           0           0           0        3001        4001 
         27        0.42           0           0        2000           0           0           0           0           0           0        3001        4001 
         28        0.07        0.04           0        2000           0           0           0           0           0           0        3001        4001 
         29        0.06           0           0        2000           0           0           0           0           0           0        3001        4001 
         30        0.03           0           0        2000           0           0           0           0           0           0        3001        4001 
         31           0           0           0        2000           0           0           0           0           0           0        3001        4001 
         32         0.1           0           0        2000           0           0           0           0           0           0        3001        4001 
         33        0.04           0           0        2000           0           0           0           0           0           0        3001        4001 
         34        0.57        0.07           0        2000           0           0           0           0           0           0        3001        4001 
         35           0        0.08           0        2000           0           0           0           0           0           0        3001        4001 
         36           0        0.05           0        2000           0           0           0           0           0           0        3001        4001 
         37        0.22        0.06           0        2000           0           0           0           0           0           0        3001        4001 
         38        0.56        0.02           0        2000           0           0           0           0           0           0        3001        4001 
         39           0         0.1           0        2000           0           0           0           0           0           0        3001        4001 
         40           0        0.03           0        2000           0           0           0           0           0           0        3001        4001 
         41        0.19        0.05           0        2000           0           0           0           0           0           0        3001        4001 
         42        0.52        0.03           0        2000           0           0           0           0           0           0        3001        4001 
         43        0.12        0.06           0        2000           0           0           0           0           0           0        3001        4001 
         44           0        0.02           0        2000           0           0           0           0           0           0        3001        4001 
         45           0        0.03           0        2000           0           0           0           0           0           0        3001        4001 
         46        0.06        0.06           0        2000           0           0           0           0           0           0        3001        4001 
         47           0        0.01           0        2000           0           0           0           0           0           0        3001        4001 
         48       0.005        0.06           0        2000           0           0           0           0           0           0        3001        4001 
         49        0.03        0.09           0        2000           0           0           0           0           0           0        3001        4001 
         50        0.02        0.07           0        2000           0           0           0           0           0           0        3001        4001 
         51        0.03        0.04           0        2000           0           0           0           0           0           0        3001        4001 
         52        0.02        0.03           0        2000           0           0           0           0           0           0        3001        4001 
         53       0.005        0.05           0        2000           0           0           0           0           0           0        3001        4001 
         54           0        0.06           0        2000           0           0           0           0           0           0        3002        4001 
         55           0        0.05           0        2000           0           0           0           0           0           0        3002        4001 
         56           0        0.05           0        2000           0           0           0           0           0           0        3002        4001 
         57           0        0.04           0        2000           0           0           0           0           0           0        3002        4001 
         58           0        0.04           0        2000           0           0           0           0           0           0        3002        4001 
         59           0        0.02           0        2000           0           0           0           0           0           0        3002        4001 
         60           0        0.05           0        2000           0           0           0           0           0           0        3002        4001 
         61       0.005        0.03           0        2000           0           0           0           0           0           0        3002        4001 
         62       0.005        0.07           0        2000           0           0           0           0           0           0        3002        4001 
         63        0.36        0.11           0        2000           0           0           0           0           0           0        3002        4001 
         64        0.04        0.13           0        2000           0           0           0           0           0           0        3002        4001 
         65       0.005        0.07           0        2000           0           0           0           0           0           0        3002        4001 
         66        0.52        0.11           0        2000           0           0           0           0           0           0        3002        4001 
         67           0        0.12           0        2000           0           0           0           0           0           0        3002        4001 
         68        0.21        0.07           0        2000           0           0           0           0           0           0        3002        4001 
         69           0        0.07           0        2000           0           0           0           0           0           0        3002        4001 
         70        1.02        0.11           0        2000           0           0           0           0           0           0        3002        4001 
         71       0.005        0.07           0        2000           0           0           0           0           0           0        3002        4001 
         72           0           0           0        2000           0           0           0           0           0           0        3002        4001 
         73       0.005        0.04           0        2000           0           0           0           0           0           0        3002        4001 
         74           0        0.04           0        2000           0           0           0           0           0           0        3002        4001 
         75           0        0.14           0        2000           0           0           0           0           0           0        3002        4001 
         76           0        0.17           0        2000           0           0           0           0           0           0        3002        4001 
         77           0        0.19           0        2000           0           0           0           0           0           0        3002        4001 
         78           0        0.13           0        2000           0           0           0           0           0           0        3002        4001 
         79           0        0.15           0        2000           0           0           0           0           0           0        3002        4001 
         80           0        0.18           0        2000           0           0           0           0           0           0        3002        4001 
         81           0        0.21           0        2000           0           0           0           0           0           0        3002        4001 
         82           0        0.15           0        2000           0           0           0           0           0           0        3002        4001 
         83       0.005        0.14           0        2000           0           0           0           0           0           0        3002        4001 
         84           0        0.19           0        2000           0           0           0           0           0           0        3002        4001 
         85        0.02        0.17           0        2000           0           0           0           0           0           0        3002        4001 
         86        0.18        0.19           0        2000           0           0           0           0           0           0        3002        4001 
         87        2.13        0.16           0        2000           0           0           0           0           0           0        3002        4001 
         88        0.19        0.12           0        2000           0           0           0           0           0           0        3002        4001 
         89        0.03         0.1           0        2000           0           0           0           0           0           0        3002        4001 
         90       0.005         0.1           0        2000           0           0           0           0           0           0        3002        4001 
         91        0.38        0.12           0        2000           0           0           0           0           0           0        3002        4001 
         92        0.29        0.07           0        2000           0           0           0           0           0           0        3002        4001 
         93        0.53        0.09           0        2000           0           0           0           0           0           0        3002        4001 
         94        0.12        0.13           0        2000           0           0           0           0           0           0        3002        4001 
         95        0.62        0.05           0        2000           0           0           0           0           0           0        3002        4001 
         96        0.64        0.18           0        2000           0           0           0           0           0           0        3002        4001 
         97        1.42        0.17           0        2000           0           0           0           0           0           0        3002        4001 
         98         0.9        0.13           0        2000           0           0           0           0           0           0        3002        4001 
         99        0.12        0.23           0        2000           0           0           0           0           0           0        3002        4001 
        100        0.18        0.11           0        2000           0           0           0           0           0           0        3002        4001 
        101        0.42        0.15           0        2000           0           0           0           0           0           0        3002        4001 
        102        0.07        0.14           0        2000           0           0           0           0           0           0        3002        4001 
        103         0.2        0.14           0        2000           0           0           0           0           0           0        3002        4001 
        104       0.005        0.12           0        2000           0           0           0           0           0           0        3002        4001 
        105        0.21        0.14           0        2000           0           0           0           0           0           0        3002        4001 
        106        0.38        0.23           0        2000           0           0           0           0           0           0        3002        4001 
        107        0.13        0.11           0        2000           0           0           0           0           0           0        3002        4001 
        108           0        0.18           0        2000           0           0           0           0           0           0        3002        4001 
        109         0.1        0.12           0        2000           0           0           0           0           0           0        3002        4001 
        110        0.07        0.14           0        2000           0           0           0           0           0           0        3002        4001 
        111           0        0.16           0        2000           0           0           0           0           0           0        3002        4001 
        112           0        0.21           0        2000           0           0           0           0           0           0        3002        4001 
        113       0.005        0.18           0        2000           0           0           0           0           0           0        3002        4001 
        114           0        0.24           0        2000           0           0           0           0           0           0        3002        4001 
        115           0        0.27           0        2000           0           0           0           0           0           0        3002        4001 
        116       0.005        0.37           0        2000           0           0           0           0           0           0        3002        4001 
        117         0.1        0.09           0        2000           0           0           0           0           0           0        3002        4001 
        118       0.005        0.17           0        2000           0           0           0           0           0           0        3002        4001 
        119        0.08        0.13           0        2000           0           0           0           0           0           0        3002        4001 
        120        0.22        0.14           0        2000           0           0           0           0           0           0        3002        4001 
        121       0.005        0.11           0        2000           0           0           0           0           0           0        3002        4001 
        122        0.52        0.24           0        2000           0           0           0           0           0           0        3002        4001 
        123           0         0.3           0        2000           0           0           0           0           0           0        3002        4001 
        124           0        0.33           0        2000           0           0           0           0           0           0        3002        4001 
        125        0.12        0.22           0        2000           0           0           0           0           0           0        3002        4001 
        126        0.24        0.18           0        2000           0           0           0           0           0           0        3002        4001 
        127           0        0.27           0        2000           0           0           0           0           0           0        3002        4001 
        128       0.005        0.26           0        2000           0           0           0           0           0           0        3002        4001 
        129       0.005        0.32           0        2000           0           0           0           0           0           0        3002        4001 
        130        0.23        0.27           0        2000           0           0           0           0           0           0        3002        4001 
        131        0.94        0.19           0        2000           0           0           0           0           0           0        3002        4001 
        132        0.53        0.21           0        2000           0           0           0           0           0           0        3002        4001 
        133        0.27        0.22           0        2000           0           0           0           0           0           0        3002        4001 
        134        0.31        0.18           0        2000           0           0           0           0           0           0        3002        4001 
        135        0.29        0.13           0        2000           0           0           0           0           0           0        3002        4001 
        136        0.07        0.14           0        2000           0           0           0           0           0           0        3002        4001 
        137        1.64         0.2           0        2000           0           0           0           0           0           0        3002        4001 
        138        0.48        0.16           0        2000           0           0           0           0           0           0        3002        4001 
        139       0.005        0.11           0        2000           0           0           0           0           0           0        3002        4001 
        140           0        0.26           0        2000           0           0           0           0           0           0        3002        4001 
        141        0.05        0.26           0        2000           0           0           0           0           0           0        3002        4001 
        142           0        0.31           0        2000           0           0           0           0           0           0        3002        4001 
        143           0        0.31           0        2000           0           0           0           0           0           0        3002        4001 
        144           0        0.35           0        2000           0           0           0           0           0           0        3002        4001 
        145        0.13        0.25           0        2000           0           0           0           0           0           0        3002        4001 
        146        0.34        0.38           0        2000           0           0           0           0           0           0        3002        4001 
        147        0.93        0.46           0        2000           0           0           0           0           0           0        3002        4001 
        148        2.43        0.22           0        2000           0           0           0           0           0           0        3002        4001 
        149        0.53        0.17           0        2000           0           0           0           0           0           0        3002        4001 
        150       0.005        0.32           0        2000           0           0           0           0           0           0        3002        4001 
        151       0.005        0.35           0        2000           0           0           0           0           0           0        3002        4001 
        152        0.63        0.24           0        2000           0           0           0           0           0           0        3002        4001 
        153        0.77        0.15           0        2000           0           0           0           0           0           0        3002        4001 
        154           0        0.31           0        2000           0           0           0           0           0           0        3002        4001 
        155           0        0.28           0        2000           0           0           0           0           0           0        3002        4001 
        156       0.005        0.29           0        2000           0           0           0           0           0           0        3002        4001 
        157        1.13        0.25           0        2000           0           0           0           0           0           0        3002        4001 
        158        0.08        0.25           0        2000           0           0           0           0           0           0        3002        4001 
        159        0.23        0.25           0        2000           0           0           0           0           0           0        3002        4001 
        160        0.34        0.31           0        2000           0           0           0           0           0           0        3002        4001 
        161        0.28         0.2           0        2000           0           0           0           0           0           0        3002        4001 
        162       0.005        0.31           0        2000           0           0           0           0           0           0        3002        4001 
        163         0.1         0.3           0        2000           0           0           0           0           0           0        3002        4001 
        164        0.41        0.37           0        2000           0           0           0           0           0           0        3002        4001 
        165           0         0.2           0        2000           0           0           0           0           0           0        3002        4001 
        166         0.3         0.3           0        2000           0           0           0           0           0           0        3002        4001 
        167       0.005        0.36           0        2000           0           0           0           0           0           0        3002        4001 
        168       0.005        0.24           0        2000           0           0           0           0           0           0        3002        4001 
        169           0        0.37           0        2000           0           0           0           0           0           0        3002        4001 
        170        0.31        0.23           0        2000           0           0           0           0           0           0        3002        4001 
        171       0.005        0.33           0        2000           0           0           0           0           0           0        3002        4001 
        172           0        0.26           0        2000           0           0           0           0           0           0        3002        4001 
        173       0.005        0.28           0        2000           0           0           0           0           0           0        3002        4001 
        174        1.78        0.23           0        2000           0           0           0           0           0           0        3002        4001 
        175       0.005        0.25           0        2000           0           0           0           0           0           0        3002        4001 
        176       0.005        0.17           0        2000           0           0           0           0           0           0        3002        4001 
        177           0        0.21           0        2000           0           0           0           0           0           0        3002        4001 
        178           0        0.38           0        2000           0           0           0           0           0           0        3002        4001 
        179        0.92        0.34           0        2000           0           0           0           0           0           0        3002        4001 
        180           0        0.35           0        2000           0           0           0           0           0           0        3002        4001 
        181        0.68        0.27           0        2000           0           0           0           0           0           0        3002        4001 
        182        1.44         0.2           0        2000           0           0           0           0           0           0        3002        4001 
        183        0.32        0.14           0        2000           0           0           0           0           0           0        3002        4001 
        184        0.28        0.18           0        2000           0           0           0           0           0           0        3002        4001 
        185        0.03         0.2           0        2000           0           0           0           0           0           0        3002        4001 
        186       0.005        0.28           0        2000           0           0           0           0           0           0        3002        4001 
        187        3.33        0.41           0        2000           0           0           0           0           0           0        3002        4001 
        188        0.25        0.39           0        2000           0           0           0           0           0           0        3002        4001 
        189        0.21         0.4           0        2000           0           0           0           0           0           0        3002        4001 
        190         0.2        0.28           0        2000           0           0           0           0           0           0        3002        4001 
        191        2.52        0.13           0        2000           0           0           0           0           0           0        3002        4001 
        192       0.005        0.29           0        2000           0           0           0           0           0           0        3002        4001 
        193       0.005        0.26           0        2000           0           0           0           0           0           0        3002        4001 
        194           0        0.38           0        2000           0           0           0           0           0           0        3002        4001 
        195           0        0.47           0        2000           0           0           0           0           0           0        3002        4001 
        196           0         0.5           0        2000           0           0           0           0           0           0        3002        4001 
        197           0        0.53           0        2000           0           0           0           0           0           0        3002        4001 
        198           0        0.44           0        2000           0           0           0           0           0           0        3002        4001 
        199           0        0.25           0        2000           0           0           0           0           0           0        3002        4001 
        200           0         0.3           0        2000           0           0           0           0           0           0        3002        4001 
        201           0        0.55           0        2000           0           0           0           0           0           0        3002        4001 
        202        0.22        0.48           0        2000           0           0           0           0           0           0        3002        4001 
        203           0        0.44           0        2000           0           0           0           0           0           0        3002        4001 
        204        0.79        0.23           0        2000           0           0           0           0           0           0        3002        4001 
        205        0.33        0.23           0        2000           0           0           0           0           0           0        3002        4001 
        206        0.08        0.23           0        2000           0           0           0           0           0           0        3002        4001 
        207       0.005        0.25           0        2000           0           0           0           0           0           0        3002        4001 
        208       0.005        0.18           0        2000           0           0           0           0           0           0        3002        4001 
        209        2.12        0.17           0        2000           0           0           0           0           0           0        3002        4001 
        210        0.08        0.13           0        2000           0           0           0           0           0           0        3002        4001 
        211       0.005        0.24           0        2000           0           0           0           0           0           0        3002        4001 
        212           0        0.24           0        2000           0           0           0           0           0           0        3002        4001 
        213        0.23        0.19           0        2000           0           0           0           0           0           0        3002        4001 
        214         0.4        0.23           0        2000           0           0           0           0           0           0        3002        4001 
        215        0.91        0.17           0        2000           0           0           0           0           0           0        3002        4001 
        216        0.31        0.17           0        2000           0           0           0           0           0           0        3002        4001 
        217        0.03        0.25           0        2000           0           0           0           0           0           0        3002        4001 
        218           0        0.27           0        2000           0           0           0           0           0           0        3002        4001 
        219           0        0.37           0        2000           0           0           0           0           0           0        3002        4001 
        220        1.38        0.29           0        2000           0           0           0           0           0           0        3002        4001 
        221        0.53        0.31           0        2000           0           0           0           0           0           0        3002        4001 
        222        0.17        0.29           0        2000           0           0           0           0           0           0        3002        4001 
        223        0.44        0.26           0        2000           0           0           0           0           0           0        3002        4001 
        224           0         0.4           0        2000           0           0           0           0           0           0        3002        4001 
        225        0.23        0.16           0        2000           0           0           0           0           0           0        3002        4001 
        226       0.005        0.22           0        2000           0           0           0           0           0           0        3002        4001 
        227        0.83        0.17           0        2000           0           0           0           0           0           0        3002        4001 
        228       0.005        0.18           0        2000           0           0           0           0           0           0        3002        4001 
        229         0.1        0.21           0        2000           0           0           0           0           0           0        3002        4001 
        230        0.65         0.1           0        2000           0           0           0           0           0           0        3002        4001 
        231        1.78        0.26           0        2000           0           0           0           0           0           0        3002        4001 
        232        0.08        0.16           0        2000           0           0           0           0           0           0        3002        4001 
        233        0.33        0.24           0        2000           0           0           0           0           0           0        3002        4001 
        234       0.005         0.2           0        2000           0           0           0           0           0           0        3002        4001 
        235       0.005        0.18           0        2000           0           0           0           0           0           0        3002        4001 
        236           0        0.12           0        2000           0           0           0           0           0           0        3002        4001 
        237       0.005        0.18           0        2000           0           0           0           0           0           0        3002        4001 
        238           0         0.2           0        2000           0           0           0           0           0           0        3002        4001 
        239           0        0.17           0        2000           0           0           0           0           0           0        3002        4001 
        240           0        0.22           0        2000           0           0           0           0           0           0        3002        4001 
        241           0        0.29           0        2000           0           0           0           0           0           0        3002        4001 
        242           0        0.31           0        2000           0           0           0           0           0           0        3002        4001 
        243           0        0.32           0        2000           0           0           0           0           0           0        3002        4001 
        244           0        0.31           0        2000           0           0           0           0           0           0        3002        4001 
        245           0        0.31           0        2000           0           0           0           0           0           0        3002        4001 
        246           0        0.19           0        2000           0           0           0           0           0           0        3002        4001 
        247           0        0.09           0        2000           0           0           0           0           0           0        3002        4001 
        248           0        0.17           0        2000           0           0           0           0           0           0        3002        4001 
        249           0        0.26           0        2000           0           0           0           0           0           0        3002        4001 
        250           0        0.18           0        2000           0           0           0           0           0           0        3002        4001 
        251        0.33        0.16           0        2000           0           0           0           0           0           0        3002        4001 
        252       0.005        0.15           0        2000           0           0           0           0           0           0        3002        4001 
        253           0        0.17           0        2000           0           0           0           0           0           0        3002        4001 
        254        0.92        0.18           0        2000           0           0           0           0           0           0        3002        4001 
        255        1.73        0.11           0        2000           0           0           0           0           0           0        3002        4001 
        256        0.37        0.08           0        2000           0           0           0           0           0           0        3002        4001 
        257        0.42        0.09           0        2000           0           0           0           0           0           0        3002        4001 
        258        0.27         0.1           0        2000           0           0           0           0           0           0        3002        4001 
        259       0.005        0.13           0        2000           0           0           0           0           0           0        3002        4001 
        260       0.005        0.05           0        2000           0           0           0           0           0           0        3002        4001 
        261        0.07        0.07           0        2000           0           0           0           0           0           0        3002        4001 
        262        0.87        0.07           0        2000           0           0           0           0           0           0        3002        4001 
        263           0        0.08           0        2000           0           0           0           0           0           0        3002        4001 
        264           0        0.08           0        2000           0           0           0           0           0           0        3002        4001 
        265        0.02        0.09           0        2000           0           0           0           0           0           0        3002        4001 
        266        0.03        0.09           0        2000           0           0           0           0           0           0        3002        4001 
        267           0        0.11           0        2000           0           0           0           0           0           0        3002        4001 
        268           0         0.1           0        2000           0           0           0           0           0           0        3002        4001 
        269           0        0.09           0        2000           0           0           0           0           0           0        3002        4001 
        270       0.005        0.05           0        2000           0           0           0           0           0           0        3002        4001 
        271       0.005        0.04           0        2000           0           0           0           0           0           0        3002        4001 
        272           0        0.04           0        2000           0           0           0           0           0           0        3002        4001 
        273           0        0.07           0        2000           0           0           0           0           0           0        3002        4001 
        274           0         0.1           0        2000           0           0           0           0           0           0        3002        4001 
        275           0        0.09           0        2000           0           0           0           0           0           0        3002        4001 
        276           0        0.12           0        2000           0           0           0           0           0           0        3002        4001 
        277           0        0.13           0        2000           0           0           0           0           0           0        3002        4001 
        278           0        0.11           0        2000           0           0           0           0           0           0        3002        4001 
        279           0        0.11           0        2000           0           0           0           0           0           0        3002        4001 
        280           0        0.11           0        2000           0           0           0           0           0           0        3002        4001 
        281           0        0.06           0        2000           0           0           0           0           0           0        3002        4001 
        282           0        0.07           0        2000           0           0           0           0           0           0        3002        4001 
        283           0        0.09           0        2000           0           0           0           0           0           0        3002        4001 
        284           0        0.05           0        2000           0           0           0           0           0           0        3002        4001 
        285       0.005        0.03           0        2000           0           0           0           0           0           0        3002        4001 
        286           0        0.12           0        2000           0           0           0           0           0           0        3002        4001 
        287           0        0.09           0        2000           0           0           0           0           0           0        3002        4001 
        288           0        0.05           0        2000           0           0           0           0           0           0        3002        4001 
        289           0        0.07           0        2000           0           0           0           0           0           0        3002        4001 
        290           0        0.03           0        2000           0           0           0           0           0           0        3002        4001 
        291           0        0.04           0        2000           0           0           0           0           0           0        3002        4001 
        292           0         0.1           0        2000           0           0           0           0           0           0        3002        4001 
        293        0.17        0.09           0        2000           0           0           0           0           0           0        3002        4001 
        294        0.82        0.03           0        2000           0           0           0           0           0           0        3002        4001 
        295        0.33        0.02           0        2000           0           0           0           0           0           0        3002        4001 
        296        0.43        0.02           0        2000           0           0           0           0           0           0        3002        4001 
        297       0.005        0.03           0        2000           0           0           0           0           0           0        3002        4001 
        298           0        0.05           0        2000           0           0           0           0           0           0        3002        4001 
        299           0        0.04           0        2000           0           0           0           0           0           0        3002        4001 
        300        0.08        0.01           0        2000           0           0           0           0           0           0        3002        4001 
end*** END OF INPUT FILE 'ATMOSPH.IN' **********************************
