    2
    1  0.000000e+000  1.000000e+000  1.000000e+000
    2 -2.000000e+002  1.000000e+000  1.000000e+000
  201    1    0    1 x         h         Mat  Lay      Beta           Axz            Bxz            Dxz            Temp          Conc           SConc
    1  0.000000e+000  0.000000e+000    1    1  0.000000e+000  1.000000e+000  1.000000e+000  1.000000e+000  1.000000e+001
    2 -1.000000e+000  0.000000e+000    1    1  0.000000e+000  1.000000e+000  1.000000e+000  1.000000e+000  1.000000e+001
    3 -2.000000e+000  0.000000e+000    1    1  0.000000e+000  1.000000e+000  1.000000e+000  1.000000e+000  1.000000e+001
    4 -3.000000e+000  0.000000e+000    1    1  0.000000e+000  1.000000e+000  1.000000e+000  1.000000e+000  1.000000e+001
    5 -4.000000e+000  0.000000e+000    1    1  0.000000e+000  1.000000e+000  1.000000e+000  1.000000e+000  1.000000e+001
    6 -5.000000e+000  0.000000e+000    1    1  0.000000e+000  1.000000e+000  1.000000e+000  1.000000e+000  1.000000e+001
    7 -6.000000e+000  0.000000e+000    1    1  0.000000e+000  1.000000e+000  1.000000e+000  1.000000e+000  1.000000e+001
    8 -7.000000e+000  0.000000e+000    1    1  0.000000e+000  1.000000e+000  1.000000e+000  1.000000e+000  1.000000e+001
    9 -8.000000e+000  0.000000e+000    1    1  0.000000e+000  1.000000e+000  1.000000e+000  1.000000e+000  1.000000e+001
   10 -9.000000e+000  0.000000e+000    1    1  0.000000e+000  1.000000e+000  1.000000e+000  1.000000e+000  1.000000e+001
   11 -1.000000e+001  0.000000e+000    1    1  0.000000e+000  1.000000e+000  1.000000e+000  1.000000e+000  1.000000e+001
   12 -1.100000e+001  0.000000e+000    1    1  0.000000e+000  1.000000e+000  1.000000e+000  1.000000e+000  1.000000e+001
   13 -1.200000e+001  0.000000e+000    1    1  0.000000e+000  1.000000e+000  1.000000e+000  1.000000e+000  1.000000e+001
   14 -1.300000e+001  0.000000e+000    1    1  0.000000e+000  1.000000e+000  1.000000e+000  1.000000e+000  1.000000e+001
   15 -1.400000e+001  0.000000e+000    1    1  0.000000e+000  1.000000e+000  1.000000e+000  1.000000e+000  1.000000e+001
   16 -1.500000e+001  0.000000e+000    1    1  0.000000e+000  1.000000e+000  1.000000e+000  1.000000e+000  1.000000e+001
   17 -1.600000e+001  0.000000e+000    1    1  0.000000e+000  1.000000e+000  1.000000e+000  1.000000e+000  1.000000e+001
   18 -1.700000e+001  0.000000e+000    1    1  0.000000e+000  1.000000e+000  1.000000e+000  1.000000e+000  1.000000e+001
   19 -1.800000e+001  0.000000e+000    1    1  0.000000e+000  1.000000e+000  1.000000e+000  1.000000e+000  1.000000e+001
   20 -1.900000e+001  0.000000e+000    1    1  0.000000e+000  1.000000e+000  1.000000e+000  1.000000e+000  1.000000e+001
   21 -2.000000e+001  0.000000e+000    1    1  0.000000e+000  1.000000e+000  1.000000e+000  1.000000e+000  1.000000e+001
   22 -2.100000e+001  0.000000e+000    1    1  0.000000e+000  1.000000e+000  1.000000e+000  1.000000e+000  1.000000e+001
   23 -2.200000e+001  0.000000e+000    1    1  0.000000e+000  1.000000e+000  1.000000e+000  1.000000e+000  1.000000e+001
   24 -2.300000e+001  0.000000e+000    1    1  0.000000e+000  1.000000e+000  1.000000e+000  1.000000e+000  1.000000e+001
   25 -2.400000e+001  0.000000e+000    1    1  0.000000e+000  1.000000e+000  1.000000e+000  1.000000e+000  1.000000e+001
   26 -2.500000e+001  0.000000e+000    1    1  0.000000e+000  1.000000e+000  1.000000e+000  1.000000e+000  1.000000e+001
   27 -2.600000e+001  0.000000e+000    1    1  0.000000e+000  1.000000e+000  1.000000e+000  1.000000e+000  1.000000e+001
   28 -2.700000e+001  0.000000e+000    1    1  0.000000e+000  1.000000e+000  1.000000e+000  1.000000e+000  1.000000e+001
   29 -2.800000e+001  0.000000e+000    1    1  0.000000e+000  1.000000e+000  1.000000e+000  1.000000e+000  1.000000e+001
   30 -2.900000e+001  0.000000e+000    1    1  0.000000e+000  1.000000e+000  1.000000e+000  1.000000e+000  1.000000e+001
   31 -3.000000e+001  0.000000e+000    1    1  0.000000e+000  1.000000e+000  1.000000e+000  1.000000e+000  1.000000e+001
   32 -3.100000e+001  0.000000e+000    1    1  0.000000e+000  1.000000e+000  1.000000e+000  1.000000e+000  1.000000e+001
   33 -3.200000e+001  0.000000e+000    1    1  0.000000e+000  1.000000e+000  1.000000e+000  1.000000e+000  1.000000e+001
   34 -3.300000e+001  0.000000e+000    1    1  0.000000e+000  1.000000e+000  1.000000e+000  1.000000e+000  1.000000e+001
   35 -3.400000e+001  0.000000e+000    1    1  0.000000e+000  1.000000e+000  1.000000e+000  1.000000e+000  1.000000e+001
   36 -3.500000e+001  0.000000e+000    1    1  0.000000e+000  1.000000e+000  1.000000e+000  1.000000e+000  1.000000e+001
   37 -3.600000e+001  0.000000e+000    1    1  0.000000e+000  1.000000e+000  1.000000e+000  1.000000e+000  1.000000e+001
   38 -3.700000e+001  0.000000e+000    1    1  0.000000e+000  1.000000e+000  1.000000e+000  1.000000e+000  1.000000e+001
   39 -3.800000e+001  0.000000e+000    1    1  0.000000e+000  1.000000e+000  1.000000e+000  1.000000e+000  1.000000e+001
   40 -3.900000e+001  0.000000e+000    1    1  0.000000e+000  1.000000e+000  1.000000e+000  1.000000e+000  1.000000e+001
   41 -4.000000e+001  0.000000e+000    1    1  0.000000e+000  1.000000e+000  1.000000e+000  1.000000e+000  1.000000e+001
   42 -4.100000e+001  0.000000e+000    1    1  0.000000e+000  1.000000e+000  1.000000e+000  1.000000e+000  1.000000e+001
   43 -4.200000e+001  0.000000e+000    1    1  0.000000e+000  1.000000e+000  1.000000e+000  1.000000e+000  1.000000e+001
   44 -4.300000e+001  0.000000e+000    1    1  0.000000e+000  1.000000e+000  1.000000e+000  1.000000e+000  1.000000e+001
   45 -4.400000e+001  0.000000e+000    1    1  0.000000e+000  1.000000e+000  1.000000e+000  1.000000e+000  1.000000e+001
   46 -4.500000e+001  0.000000e+000    1    1  0.000000e+000  1.000000e+000  1.000000e+000  1.000000e+000  1.000000e+001
   47 -4.600000e+001  0.000000e+000    1    1  0.000000e+000  1.000000e+000  1.000000e+000  1.000000e+000  1.000000e+001
   48 -4.700000e+001  0.000000e+000    1    1  0.000000e+000  1.000000e+000  1.000000e+000  1.000000e+000  1.000000e+001
   49 -4.800000e+001  0.000000e+000    1    1  0.000000e+000  1.000000e+000  1.000000e+000  1.000000e+000  1.000000e+001
   50 -4.900000e+001  0.000000e+000    1    1  0.000000e+000  1.000000e+000  1.000000e+000  1.000000e+000  1.000000e+001
   51 -5.000000e+001  0.000000e+000    1    1  0.000000e+000  1.000000e+000  1.000000e+000  1.000000e+000  1.000000e+001
   52 -5.100000e+001  0.000000e+000    1    1  0.000000e+000  1.000000e+000  1.000000e+000  1.000000e+000  1.000000e+001
   53 -5.200000e+001  0.000000e+000    1    1  0.000000e+000  1.000000e+000  1.000000e+000  1.000000e+000  1.000000e+001
   54 -5.300000e+001  0.000000e+000    1    1  0.000000e+000  1.000000e+000  1.000000e+000  1.000000e+000  1.000000e+001
   55 -5.400000e+001  0.000000e+000    1    1  0.000000e+000  1.000000e+000  1.000000e+000  1.000000e+000  1.000000e+001
   56 -5.500000e+001  0.000000e+000    1    1  0.000000e+000  1.000000e+000  1.000000e+000  1.000000e+000  1.000000e+001
   57 -5.600000e+001  0.000000e+000    1    1  0.000000e+000  1.000000e+000  1.000000e+000  1.000000e+000  1.000000e+001
   58 -5.700000e+001  0.000000e+000    1    1  0.000000e+000  1.000000e+000  1.000000e+000  1.000000e+000  1.000000e+001
   59 -5.800000e+001  0.000000e+000    1    1  0.000000e+000  1.000000e+000  1.000000e+000  1.000000e+000  1.000000e+001
   60 -5.900000e+001  0.000000e+000    1    1  0.000000e+000  1.000000e+000  1.000000e+000  1.000000e+000  1.000000e+001
   61 -6.000000e+001  0.000000e+000    1    1  0.000000e+000  1.000000e+000  1.000000e+000  1.000000e+000  1.000000e+001
   62 -6.100000e+001  0.000000e+000    1    1  0.000000e+000  1.000000e+000  1.000000e+000  1.000000e+000  1.000000e+001
   63 -6.200000e+001  0.000000e+000    1    1  0.000000e+000  1.000000e+000  1.000000e+000  1.000000e+000  1.000000e+001
   64 -6.300000e+001  0.000000e+000    1    1  0.000000e+000  1.000000e+000  1.000000e+000  1.000000e+000  1.000000e+001
   65 -6.400000e+001  0.000000e+000    1    1  0.000000e+000  1.000000e+000  1.000000e+000  1.000000e+000  1.000000e+001
   66 -6.500000e+001  0.000000e+000    1    1  0.000000e+000  1.000000e+000  1.000000e+000  1.000000e+000  1.000000e+001
   67 -6.600000e+001  0.000000e+000    1    1  0.000000e+000  1.000000e+000  1.000000e+000  1.000000e+000  1.000000e+001
   68 -6.700000e+001  0.000000e+000    1    1  0.000000e+000  1.000000e+000  1.000000e+000  1.000000e+000  1.000000e+001
   69 -6.800000e+001  0.000000e+000    1    1  0.000000e+000  1.000000e+000  1.000000e+000  1.000000e+000  1.000000e+001
   70 -6.900000e+001  0.000000e+000    1    1  0.000000e+000  1.000000e+000  1.000000e+000  1.000000e+000  1.000000e+001
   71 -7.000000e+001  0.000000e+000    1    1  0.000000e+000  1.000000e+000  1.000000e+000  1.000000e+000  1.000000e+001
   72 -7.100000e+001  0.000000e+000    1    1  0.000000e+000  1.000000e+000  1.000000e+000  1.000000e+000  1.000000e+001
   73 -7.200000e+001  0.000000e+000    1    1  0.000000e+000  1.000000e+000  1.000000e+000  1.000000e+000  1.000000e+001
   74 -7.300000e+001  0.000000e+000    1    1  0.000000e+000  1.000000e+000  1.000000e+000  1.000000e+000  1.000000e+001
   75 -7.400000e+001  0.000000e+000    1    1  0.000000e+000  1.000000e+000  1.000000e+000  1.000000e+000  1.000000e+001
   76 -7.500000e+001  0.000000e+000    1    1  0.000000e+000  1.000000e+000  1.000000e+000  1.000000e+000  1.000000e+001
   77 -7.600000e+001  0.000000e+000    1    1  0.000000e+000  1.000000e+000  1.000000e+000  1.000000e+000  1.000000e+001
   78 -7.700000e+001  0.000000e+000    1    1  0.000000e+000  1.000000e+000  1.000000e+000  1.000000e+000  1.000000e+001
   79 -7.800000e+001  0.000000e+000    1    1  0.000000e+000  1.000000e+000  1.000000e+000  1.000000e+000  1.000000e+001
   80 -7.900000e+001  0.000000e+000    1    1  0.000000e+000  1.000000e+000  1.000000e+000  1.000000e+000  1.000000e+001
   81 -8.000000e+001  0.000000e+000    1    1  0.000000e+000  1.000000e+000  1.000000e+000  1.000000e+000  1.000000e+001
   82 -8.100000e+001  0.000000e+000    1    1  0.000000e+000  1.000000e+000  1.000000e+000  1.000000e+000  1.000000e+001
   83 -8.200000e+001  0.000000e+000    1    1  0.000000e+000  1.000000e+000  1.000000e+000  1.000000e+000  1.000000e+001
   84 -8.300000e+001  0.000000e+000    1    1  0.000000e+000  1.000000e+000  1.000000e+000  1.000000e+000  1.000000e+001
   85 -8.400000e+001  0.000000e+000    1    1  0.000000e+000  1.000000e+000  1.000000e+000  1.000000e+000  1.000000e+001
   86 -8.500000e+001  0.000000e+000    1    1  0.000000e+000  1.000000e+000  1.000000e+000  1.000000e+000  1.000000e+001
   87 -8.600000e+001  0.000000e+000    1    1  0.000000e+000  1.000000e+000  1.000000e+000  1.000000e+000  1.000000e+001
   88 -8.700000e+001  0.000000e+000    1    1  0.000000e+000  1.000000e+000  1.000000e+000  1.000000e+000  1.000000e+001
   89 -8.800000e+001  0.000000e+000    1    1  0.000000e+000  1.000000e+000  1.000000e+000  1.000000e+000  1.000000e+001
   90 -8.900000e+001  0.000000e+000    1    1  0.000000e+000  1.000000e+000  1.000000e+000  1.000000e+000  1.000000e+001
   91 -9.000000e+001  0.000000e+000    1    1  0.000000e+000  1.000000e+000  1.000000e+000  1.000000e+000  1.000000e+001
   92 -9.100000e+001  0.000000e+000    1    1  0.000000e+000  1.000000e+000  1.000000e+000  1.000000e+000  1.000000e+001
   93 -9.200000e+001  0.000000e+000    1    1  0.000000e+000  1.000000e+000  1.000000e+000  1.000000e+000  1.000000e+001
   94 -9.300000e+001  0.000000e+000    1    1  0.000000e+000  1.000000e+000  1.000000e+000  1.000000e+000  1.000000e+001
   95 -9.400000e+001  0.000000e+000    1    1  0.000000e+000  1.000000e+000  1.000000e+000  1.000000e+000  1.000000e+001
   96 -9.500000e+001  0.000000e+000    1    1  0.000000e+000  1.000000e+000  1.000000e+000  1.000000e+000  1.000000e+001
   97 -9.600000e+001  0.000000e+000    1    1  0.000000e+000  1.000000e+000  1.000000e+000  1.000000e+000  1.000000e+001
   98 -9.700000e+001  0.000000e+000    1    1  0.000000e+000  1.000000e+000  1.000000e+000  1.000000e+000  1.000000e+001
   99 -9.800000e+001  0.000000e+000    1    1  0.000000e+000  1.000000e+000  1.000000e+000  1.000000e+000  1.000000e+001
  100 -9.900000e+001  0.000000e+000    1    1  0.000000e+000  1.000000e+000  1.000000e+000  1.000000e+000  1.000000e+001
  101 -1.000000e+002  0.000000e+000    1    1  0.000000e+000  1.000000e+000  1.000000e+000  1.000000e+000  1.000000e+001
  102 -1.010000e+002  0.000000e+000    1    1  0.000000e+000  1.000000e+000  1.000000e+000  1.000000e+000  1.000000e+001
  103 -1.020000e+002  0.000000e+000    1    1  0.000000e+000  1.000000e+000  1.000000e+000  1.000000e+000  1.000000e+001
  104 -1.030000e+002  0.000000e+000    1    1  0.000000e+000  1.000000e+000  1.000000e+000  1.000000e+000  1.000000e+001
  105 -1.040000e+002  0.000000e+000    1    1  0.000000e+000  1.000000e+000  1.000000e+000  1.000000e+000  1.000000e+001
  106 -1.050000e+002  0.000000e+000    1    1  0.000000e+000  1.000000e+000  1.000000e+000  1.000000e+000  1.000000e+001
  107 -1.060000e+002  0.000000e+000    1    1  0.000000e+000  1.000000e+000  1.000000e+000  1.000000e+000  1.000000e+001
  108 -1.070000e+002  0.000000e+000    1    1  0.000000e+000  1.000000e+000  1.000000e+000  1.000000e+000  1.000000e+001
  109 -1.080000e+002  0.000000e+000    1    1  0.000000e+000  1.000000e+000  1.000000e+000  1.000000e+000  1.000000e+001
  110 -1.090000e+002  0.000000e+000    1    1  0.000000e+000  1.000000e+000  1.000000e+000  1.000000e+000  1.000000e+001
  111 -1.100000e+002  0.000000e+000    1    1  0.000000e+000  1.000000e+000  1.000000e+000  1.000000e+000  1.000000e+001
  112 -1.110000e+002  0.000000e+000    1    1  0.000000e+000  1.000000e+000  1.000000e+000  1.000000e+000  1.000000e+001
  113 -1.120000e+002  0.000000e+000    1    1  0.000000e+000  1.000000e+000  1.000000e+000  1.000000e+000  1.000000e+001
  114 -1.130000e+002  0.000000e+000    1    1  0.000000e+000  1.000000e+000  1.000000e+000  1.000000e+000  1.000000e+001
  115 -1.140000e+002  0.000000e+000    1    1  0.000000e+000  1.000000e+000  1.000000e+000  1.000000e+000  1.000000e+001
  116 -1.150000e+002  0.000000e+000    1    1  0.000000e+000  1.000000e+000  1.000000e+000  1.000000e+000  1.000000e+001
  117 -1.160000e+002  0.000000e+000    1    1  0.000000e+000  1.000000e+000  1.000000e+000  1.000000e+000  1.000000e+001
  118 -1.170000e+002  0.000000e+000    1    1  0.000000e+000  1.000000e+000  1.000000e+000  1.000000e+000  1.000000e+001
  119 -1.180000e+002  0.000000e+000    1    1  0.000000e+000  1.000000e+000  1.000000e+000  1.000000e+000  1.000000e+001
  120 -1.190000e+002  0.000000e+000    1    1  0.000000e+000  1.000000e+000  1.000000e+000  1.000000e+000  1.000000e+001
  121 -1.200000e+002  0.000000e+000    1    1  0.000000e+000  1.000000e+000  1.000000e+000  1.000000e+000  1.000000e+001
  122 -1.210000e+002  0.000000e+000    1    1  0.000000e+000  1.000000e+000  1.000000e+000  1.000000e+000  1.000000e+001
  123 -1.220000e+002  0.000000e+000    1    1  0.000000e+000  1.000000e+000  1.000000e+000  1.000000e+000  1.000000e+001
  124 -1.230000e+002  0.000000e+000    1    1  0.000000e+000  1.000000e+000  1.000000e+000  1.000000e+000  1.000000e+001
  125 -1.240000e+002  0.000000e+000    1    1  0.000000e+000  1.000000e+000  1.000000e+000  1.000000e+000  1.000000e+001
  126 -1.250000e+002  0.000000e+000    1    1  0.000000e+000  1.000000e+000  1.000000e+000  1.000000e+000  1.000000e+001
  127 -1.260000e+002  0.000000e+000    1    1  0.000000e+000  1.000000e+000  1.000000e+000  1.000000e+000  1.000000e+001
  128 -1.270000e+002  0.000000e+000    1    1  0.000000e+000  1.000000e+000  1.000000e+000  1.000000e+000  1.000000e+001
  129 -1.280000e+002  0.000000e+000    1    1  0.000000e+000  1.000000e+000  1.000000e+000  1.000000e+000  1.000000e+001
  130 -1.290000e+002  0.000000e+000    1    1  0.000000e+000  1.000000e+000  1.000000e+000  1.000000e+000  1.000000e+001
  131 -1.300000e+002  0.000000e+000    1    1  0.000000e+000  1.000000e+000  1.000000e+000  1.000000e+000  1.000000e+001
  132 -1.310000e+002  0.000000e+000    1    1  0.000000e+000  1.000000e+000  1.000000e+000  1.000000e+000  1.000000e+001
  133 -1.320000e+002  0.000000e+000    1    1  0.000000e+000  1.000000e+000  1.000000e+000  1.000000e+000  1.000000e+001
  134 -1.330000e+002  0.000000e+000    1    1  0.000000e+000  1.000000e+000  1.000000e+000  1.000000e+000  1.000000e+001
  135 -1.340000e+002  0.000000e+000    1    1  0.000000e+000  1.000000e+000  1.000000e+000  1.000000e+000  1.000000e+001
  136 -1.350000e+002  0.000000e+000    1    1  0.000000e+000  1.000000e+000  1.000000e+000  1.000000e+000  1.000000e+001
  137 -1.360000e+002  0.000000e+000    1    1  0.000000e+000  1.000000e+000  1.000000e+000  1.000000e+000  1.000000e+001
  138 -1.370000e+002  0.000000e+000    1    1  0.000000e+000  1.000000e+000  1.000000e+000  1.000000e+000  1.000000e+001
  139 -1.380000e+002  0.000000e+000    1    1  0.000000e+000  1.000000e+000  1.000000e+000  1.000000e+000  1.000000e+001
  140 -1.390000e+002  0.000000e+000    1    1  0.000000e+000  1.000000e+000  1.000000e+000  1.000000e+000  1.000000e+001
  141 -1.400000e+002  0.000000e+000    1    1  0.000000e+000  1.000000e+000  1.000000e+000  1.000000e+000  1.000000e+001
  142 -1.410000e+002  0.000000e+000    1    1  0.000000e+000  1.000000e+000  1.000000e+000  1.000000e+000  1.000000e+001
  143 -1.420000e+002  0.000000e+000    1    1  0.000000e+000  1.000000e+000  1.000000e+000  1.000000e+000  1.000000e+001
  144 -1.430000e+002  0.000000e+000    1    1  0.000000e+000  1.000000e+000  1.000000e+000  1.000000e+000  1.000000e+001
  145 -1.440000e+002  0.000000e+000    1    1  0.000000e+000  1.000000e+000  1.000000e+000  1.000000e+000  1.000000e+001
  146 -1.450000e+002  0.000000e+000    1    1  0.000000e+000  1.000000e+000  1.000000e+000  1.000000e+000  1.000000e+001
  147 -1.460000e+002  0.000000e+000    1    1  0.000000e+000  1.000000e+000  1.000000e+000  1.000000e+000  1.000000e+001
  148 -1.470000e+002  0.000000e+000    1    1  0.000000e+000  1.000000e+000  1.000000e+000  1.000000e+000  1.000000e+001
  149 -1.480000e+002  0.000000e+000    1    1  0.000000e+000  1.000000e+000  1.000000e+000  1.000000e+000  1.000000e+001
  150 -1.490000e+002  0.000000e+000    1    1  0.000000e+000  1.000000e+000  1.000000e+000  1.000000e+000  1.000000e+001
  151 -1.500000e+002  0.000000e+000    1    1  0.000000e+000  1.000000e+000  1.000000e+000  1.000000e+000  1.000000e+001
  152 -1.510000e+002  0.000000e+000    1    1  0.000000e+000  1.000000e+000  1.000000e+000  1.000000e+000  1.000000e+001
  153 -1.520000e+002  0.000000e+000    1    1  0.000000e+000  1.000000e+000  1.000000e+000  1.000000e+000  1.000000e+001
  154 -1.530000e+002  0.000000e+000    1    1  0.000000e+000  1.000000e+000  1.000000e+000  1.000000e+000  1.000000e+001
  155 -1.540000e+002  0.000000e+000    1    1  0.000000e+000  1.000000e+000  1.000000e+000  1.000000e+000  1.000000e+001
  156 -1.550000e+002  0.000000e+000    1    1  0.000000e+000  1.000000e+000  1.000000e+000  1.000000e+000  1.000000e+001
  157 -1.560000e+002  0.000000e+000    1    1  0.000000e+000  1.000000e+000  1.000000e+000  1.000000e+000  1.000000e+001
  158 -1.570000e+002  0.000000e+000    1    1  0.000000e+000  1.000000e+000  1.000000e+000  1.000000e+000  1.000000e+001
  159 -1.580000e+002  0.000000e+000    1    1  0.000000e+000  1.000000e+000  1.000000e+000  1.000000e+000  1.000000e+001
  160 -1.590000e+002  0.000000e+000    1    1  0.000000e+000  1.000000e+000  1.000000e+000  1.000000e+000  1.000000e+001
  161 -1.600000e+002  0.000000e+000    1    1  0.000000e+000  1.000000e+000  1.000000e+000  1.000000e+000  1.000000e+001
  162 -1.610000e+002  0.000000e+000    1    1  0.000000e+000  1.000000e+000  1.000000e+000  1.000000e+000  1.000000e+001
  163 -1.620000e+002  0.000000e+000    1    1  0.000000e+000  1.000000e+000  1.000000e+000  1.000000e+000  1.000000e+001
  164 -1.630000e+002  0.000000e+000    1    1  0.000000e+000  1.000000e+000  1.000000e+000  1.000000e+000  1.000000e+001
  165 -1.640000e+002  0.000000e+000    1    1  0.000000e+000  1.000000e+000  1.000000e+000  1.000000e+000  1.000000e+001
  166 -1.650000e+002  0.000000e+000    1    1  0.000000e+000  1.000000e+000  1.000000e+000  1.000000e+000  1.000000e+001
  167 -1.660000e+002  0.000000e+000    1    1  0.000000e+000  1.000000e+000  1.000000e+000  1.000000e+000  1.000000e+001
  168 -1.670000e+002  0.000000e+000    1    1  0.000000e+000  1.000000e+000  1.000000e+000  1.000000e+000  1.000000e+001
  169 -1.680000e+002  0.000000e+000    1    1  0.000000e+000  1.000000e+000  1.000000e+000  1.000000e+000  1.000000e+001
  170 -1.690000e+002  0.000000e+000    1    1  0.000000e+000  1.000000e+000  1.000000e+000  1.000000e+000  1.000000e+001
  171 -1.700000e+002  0.000000e+000    1    1  0.000000e+000  1.000000e+000  1.000000e+000  1.000000e+000  1.000000e+001
  172 -1.710000e+002  0.000000e+000    1    1  0.000000e+000  1.000000e+000  1.000000e+000  1.000000e+000  1.000000e+001
  173 -1.720000e+002  0.000000e+000    1    1  0.000000e+000  1.000000e+000  1.000000e+000  1.000000e+000  1.000000e+001
  174 -1.730000e+002  0.000000e+000    1    1  0.000000e+000  1.000000e+000  1.000000e+000  1.000000e+000  1.000000e+001
  175 -1.740000e+002  0.000000e+000    1    1  0.000000e+000  1.000000e+000  1.000000e+000  1.000000e+000  1.000000e+001
  176 -1.750000e+002  0.000000e+000    1    1  0.000000e+000  1.000000e+000  1.000000e+000  1.000000e+000  1.000000e+001
  177 -1.760000e+002  0.000000e+000    1    1  0.000000e+000  1.000000e+000  1.000000e+000  1.000000e+000  1.000000e+001
  178 -1.770000e+002  0.000000e+000    1    1  0.000000e+000  1.000000e+000  1.000000e+000  1.000000e+000  1.000000e+001
  179 -1.780000e+002  0.000000e+000    1    1  0.000000e+000  1.000000e+000  1.000000e+000  1.000000e+000  1.000000e+001
  180 -1.790000e+002  0.000000e+000    1    1  0.000000e+000  1.000000e+000  1.000000e+000  1.000000e+000  1.000000e+001
  181 -1.800000e+002  0.000000e+000    1    1  0.000000e+000  1.000000e+000  1.000000e+000  1.000000e+000  1.000000e+001
  182 -1.810000e+002  0.000000e+000    1    1  0.000000e+000  1.000000e+000  1.000000e+000  1.000000e+000  1.000000e+001
  183 -1.820000e+002  0.000000e+000    1    1  0.000000e+000  1.000000e+000  1.000000e+000  1.000000e+000  1.000000e+001
  184 -1.830000e+002  0.000000e+000    1    1  0.000000e+000  1.000000e+000  1.000000e+000  1.000000e+000  1.000000e+001
  185 -1.840000e+002  0.000000e+000    1    1  0.000000e+000  1.000000e+000  1.000000e+000  1.000000e+000  1.000000e+001
  186 -1.850000e+002  0.000000e+000    1    1  0.000000e+000  1.000000e+000  1.000000e+000  1.000000e+000  1.000000e+001
  187 -1.860000e+002  0.000000e+000    1    1  0.000000e+000  1.000000e+000  1.000000e+000  1.000000e+000  1.000000e+001
  188 -1.870000e+002  0.000000e+000    1    1  0.000000e+000  1.000000e+000  1.000000e+000  1.000000e+000  1.000000e+001
  189 -1.880000e+002  0.000000e+000    1    1  0.000000e+000  1.000000e+000  1.000000e+000  1.000000e+000  1.000000e+001
  190 -1.890000e+002  0.000000e+000    1    1  0.000000e+000  1.000000e+000  1.000000e+000  1.000000e+000  1.000000e+001
  191 -1.900000e+002  0.000000e+000    1    1  0.000000e+000  1.000000e+000  1.000000e+000  1.000000e+000  1.000000e+001
  192 -1.910000e+002  0.000000e+000    1    1  0.000000e+000  1.000000e+000  1.000000e+000  1.000000e+000  1.000000e+001
  193 -1.920000e+002  0.000000e+000    1    1  0.000000e+000  1.000000e+000  1.000000e+000  1.000000e+000  1.000000e+001
  194 -1.930000e+002  0.000000e+000    1    1  0.000000e+000  1.000000e+000  1.000000e+000  1.000000e+000  1.000000e+001
  195 -1.940000e+002  0.000000e+000    1    1  0.000000e+000  1.000000e+000  1.000000e+000  1.000000e+000  1.000000e+001
  196 -1.950000e+002  0.000000e+000    1    1  0.000000e+000  1.000000e+000  1.000000e+000  1.000000e+000  1.000000e+001
  197 -1.960000e+002  0.000000e+000    1    1  0.000000e+000  1.000000e+000  1.000000e+000  1.000000e+000  1.000000e+001
  198 -1.970000e+002  0.000000e+000    1    1  0.000000e+000  1.000000e+000  1.000000e+000  1.000000e+000  1.000000e+001
  199 -1.980000e+002  0.000000e+000    1    1  0.000000e+000  1.000000e+000  1.000000e+000  1.000000e+000  1.000000e+001
  200 -1.990000e+002  0.000000e+000    1    1  0.000000e+000  1.000000e+000  1.000000e+000  1.000000e+000  1.000000e+001
  201 -2.000000e+002  0.000000e+000    1    1  0.000000e+000  1.000000e+000  1.000000e+000  1.000000e+000  1.000000e+001
    3
   11   21   31
