*** BLOCK I: ATMOSPHERIC INFORMATION  **********************************
   MaxAL                    (MaxAL = number of atmospheric data-records)
     36
 hCritS                 (max. allowed pressure head at the soil surface)
      0
       tAtm        Prec       rSoil       rRoot      hCritA          rB          hB          ht
   0.001389           0           0           0      100000           0           0           0 
   0.022917           0     1.28345           0      100000           0           0           0 
   0.043056           0     1.33969           0      100000           0           0           0 
   0.084722           0     1.21802           0      100000           0           0           0 
   0.126389           0     1.10999           0      100000           0           0           0 
   0.168056           0    0.986632           0      100000           0           0           0 
   0.209028           0     1.12906           0      100000           0           0           0 
   0.258333           0     1.09441           0      100000           0           0           0 
   0.293056           0     1.03591           0      100000           0           0           0 
   0.334028           0     1.06634           0      100000           0           0           0 
   0.375694           0     1.12538           0      100000           0           0           0 
   0.417361           0     1.12559           0      100000           0           0           0 
   0.458333           0     1.14444           0      100000           0           0           0 
   0.476389           0    0.960899           0      100000           0           0           0 
          1           0    0.004908           0      100000           0           0           0 
    1.08333           0    0.285131           0      100000           0           0           0 
    1.16667           0    0.246709           0      100000           0           0           0 
     1.3333           0    0.242869           0      100000           0           0           0 
    1.46528           0    0.193366           0      100000           0           0           0 
     1.5625           0    0.193475           0      100000           0           0           0 
    1.67361           0     0.18504           0      100000           0           0           0 
    1.84028           0     0.18498           0      100000           0           0           0 
          2           0    0.185009           0      100000           0           0           0 
    2.16667           0     0.24672           0      100000           0           0           0 
    2.33333           0    0.242821           0      100000           0           0           0 
        2.5           0      0.1773           0      100000           0           0           0 
    2.66667           0     0.17214           0      100000           0           0           0 
    2.83333           0    0.172141           0      100000           0           0           0 
          3           0      0.1722           0      100000           0           0           0 
    3.16667           0     0.24666           0      100000           0           0           0 
    3.35417           0    0.229547           0      100000           0           0           0 
    3.50694           0     0.18923           0      100000           0           0           0 
    3.67361           0     0.21366           0      100000           0           0           0 
    3.84028           0     0.21372           0      100000           0           0           0 
          4           0    0.213684           0      100000           0           0           0 
    4.16666           0     0.25825           0      100000           0           0           0 
end*** END OF INPUT FILE 'ATMOSPH.IN' **********************************
