      1
Evaporation Experiment - Ole Wendroth
Parameter Estimation of Soil Hydraulic Properties
   NOBB     MIT iWeight
    181     100       1
  lWatF  lChemF    NMat
      t       f       1
  Model   Hysteresis
      0       0
    thr     ths    Alfa       n         Ks       l
  0.095    0.41   0.019    1.31       6.24     0.5 
      1       1       1       1          1       0 
      0     0.2       0    1.01          0       0 
   0.15     0.6       0       3        100       0 
      HO(N)         FOS   ITYPE(N) POS     WTS
    0.001389       -19.73     1     1        1 
    0.022917       -26.57     1     1        1 
    0.043056       -29.84     1     1        1 
    0.084722       -35.45     1     1        1 
    0.126389       -42.19     1     1        1 
    0.168056        -47.2     1     1        1 
    0.209028       -53.94     1     1        1 
    0.258333        -61.8     1     1        1 
    0.293056       -67.42     1     1        1 
    0.334028       -75.39     1     1        1 
    0.375694        -85.7     1     1        1 
    0.417361       -96.73     1     1        1 
    0.458333      -109.91     1     1        1 
    0.476389      -116.14     1     1        1 
           1       -79.25     1     1        1 
     1.08333       -97.03     1     1        1 
     1.16667      -105.17     1     1        1 
      1.3333      -117.52     1     1        1 
     1.46528      -124.56     1     1        1 
      1.5625      -129.48     1     1        1 
     1.67361      -138.02     1     1        1 
     1.84028      -150.58     1     1        1 
           2      -167.46     1     1        1 
     2.16667      -187.45     1     1        1 
     2.33333      -212.07     1     1        1 
         2.5      -220.71     1     1        1 
     2.66667      -238.99     1     1        1 
     2.83333       -260.8     1     1        1 
           3      -293.55     1     1        1 
     3.16667      -332.93     1     1        1 
     3.35417      -385.18     1     1        1 
     3.50694      -405.98     1     1        1 
     3.67361      -450.28     1     1        1 
     3.84028      -497.81     1     1        1 
           4      -562.01     1     1        1 
     4.16666      -647.41     1     1        1 
    0.001389       -17.73     1     2        1 
    0.022917       -23.25     1     2        1 
    0.043056       -26.83     1     2        1 
    0.084722       -32.86     1     2        1 
    0.126389       -38.49     1     2        1 
    0.168056       -43.81     1     2        1 
    0.209028       -49.64     1     2        1 
    0.258333       -57.51     1     2        1 
    0.293056       -61.91     1     2        1 
    0.334028       -69.58     1     2        1 
    0.375694       -77.66     1     2        1 
    0.417361       -86.86     1     2        1 
    0.458333       -96.58     1     2        1 
    0.476389      -101.08     1     2        1 
           1       -77.55     1     2        1 
     1.08333       -91.65     1     2        1 
     1.16667       -98.65     1     2        1 
      1.3333      -109.86     1     2        1 
     1.46528      -117.86     1     2        1 
      1.5625      -122.66     1     2        1 
     1.67361      -129.66     1     2        1 
     1.84028      -141.47     1     2        1 
           2      -154.77     1     2        1 
     2.16667      -172.88     1     2        1 
     2.33333      -193.68     1     2        1 
         2.5      -206.89     1     2        1 
     2.66667      -222.99     1     2        1 
     2.83333       -241.7     1     2        1 
           3       -265.9     1     2        1 
     3.16667      -296.51     1     2        1 
     3.35417      -336.53     1     2        1 
     3.50694      -358.53     1     2        1 
     3.67361      -394.04     1     2        1 
     3.84028      -429.35     1     2        1 
           4      -466.56     1     2        1 
     4.16666      -517.58     1     2        1 
    0.001389       -15.42     1     3        1 
    0.022917        -20.9     1     3        1 
    0.043056       -24.05     1     3        1 
    0.084722       -29.94     1     3        1 
    0.126389       -35.82     1     3        1 
    0.168056        -40.8     1     3        1 
    0.209028       -46.79     1     3        1 
    0.258333       -53.89     1     3        1 
    0.293056       -58.56     1     3        1 
    0.334028       -65.06     1     3        1 
    0.375694       -71.66     1     3        1 
    0.417361       -79.67     1     3        1 
    0.458333       -87.79     1     3        1 
    0.476389       -91.65     1     3        1 
           1       -75.85     1     3        1 
     1.08333       -87.93     1     3        1 
     1.16667       -94.42     1     3        1 
      1.3333      -105.51     1     3        1 
     1.46528       -112.3     1     3        1 
      1.5625      -117.39     1     3        1 
     1.67361      -124.28     1     3        1 
     1.84028      -134.47     1     3        1 
           2      -146.16     1     3        1 
     2.16667      -162.14     1     3        1 
     2.33333      -180.41     1     3        1 
         2.5      -197.29     1     3        1 
     2.66667      -211.57     1     3        1 
     2.83333      -228.45     1     3        1 
           3      -247.23     1     3        1 
     3.16667       -270.9     1     3        1 
     3.35417      -302.65     1     3        1 
     3.50694      -324.33     1     3        1 
     3.67361      -348.99     1     3        1 
     3.84028      -375.26     1     3        1 
           4      -401.53     1     3        1 
     4.16666      -438.88     1     3        1 
    0.001389       -13.73     1     4        1 
    0.022917       -18.61     1     4        1 
    0.043056       -22.17     1     4        1 
    0.084722       -28.27     1     4        1 
    0.126389       -33.86     1     4        1 
    0.168056       -38.84     1     4        1 
    0.209028       -44.54     1     4        1 
    0.258333       -51.86     1     4        1 
    0.293056       -55.93     1     4        1 
    0.334028       -62.44     1     4        1 
    0.375694       -68.95     1     4        1 
    0.417361       -76.68     1     4        1 
    0.458333       -84.71     1     4        1 
    0.476389       -88.27     1     4        1 
           1       -73.55     1     4        1 
     1.08333       -85.34     1     4        1 
     1.16667       -91.84     1     4        1 
      1.3333      -102.24     1     4        1 
     1.46528      -110.04     1     4        1 
      1.5625      -115.13     1     4        1 
     1.67361      -121.73     1     4        1 
     1.84028      -131.53     1     4        1 
           2      -142.52     1     4        1 
     2.16667      -157.62     1     4        1 
     2.33333      -175.31     1     4        1 
         2.5      -191.81     1     4        1 
     2.66667       -206.4     1     4        1 
     2.83333         -222     1     4        1 
           3      -239.49     1     4        1 
     3.16667      -262.98     1     4        1 
     3.35417      -292.18     1     4        1 
     3.50694      -313.17     1     4        1 
     3.67361      -339.26     1     4        1 
     3.84028      -365.25     1     4        1 
           4      -390.84     1     4        1 
     4.16666      -419.03     1     4        1 
    0.001389       -11.83     1     5        1 
    0.022917       -16.63     1     5        1 
    0.043056        -19.9     1     5        1 
    0.084722       -25.72     1     5        1 
    0.126389       -31.65     1     5        1 
    0.168056       -36.66     1     5        1 
    0.209028       -41.97     1     5        1 
    0.258333       -49.02     1     5        1 
    0.293056       -53.72     1     5        1 
    0.334028       -59.54     1     5        1 
    0.375694       -66.49     1     5        1 
    0.417361       -73.44     1     5        1 
    0.458333       -81.51     1     5        1 
    0.476389       -84.99     1     5        1 
           1       -71.95     1     5        1 
     1.08333       -82.97     1     5        1 
     1.16667       -89.19     1     5        1 
      1.3333      -100.71     1     5        1 
     1.46528      -108.12     1     5        1 
      1.5625      -112.93     1     5        1 
     1.67361      -119.45     1     5        1 
     1.84028      -129.17     1     5        1 
           2      -139.79     1     5        1 
     2.16667      -155.62     1     5        1 
     2.33333      -173.06     1     5        1 
         2.5       -189.9     1     5        1 
     2.66667      -204.43     1     5        1 
     2.83333      -220.06     1     5        1 
           3      -235.99     1     5        1 
     3.16667      -259.24     1     5        1 
     3.35417       -287.5     1     5        1 
     3.50694      -308.75     1     5        1 
     3.67361         -335     1     5        1 
     3.84028      -360.06     1     5        1 
           4      -383.41     1     5        1 
     4.16666      -412.97     1     5        1 
     4.16666     0.183675     2     0        1 
end*** END OF INPUT FILE 'FIT.IN' **********************************
