*** BLOCK I: ATMOSPHERIC INFORMATION  **********************************
   MaxAL                    (MaxAL = number of atmospheric data-records)
    183
 hCritS                 (max. allowed pressure head at the soil surface)
 1e+030
       tAtm        Prec       rSoil       rRoot      hCritA          rB          hB          ht        tTop        tBot        Ampl        cTop        cBot
         91           0           0        0.16      1e+006           0           0           0           3           0           3           0           0 
         92        0.07           0        0.18      1e+006           0           0           0           5           0           3           1           0 
         93        0.02           0        0.13      1e+006           0           0           0           7           0           4           1           0 
         94           0           0         0.2      1e+006           0           0           0           6           0           4           0           0 
         95           0           0        0.28      1e+006           0           0           0           5           0           4           0           0 
         96        0.07           0        0.18      1e+006           0           0           0           4           0           4           1           0 
         97        0.29           0        0.08      1e+006           0           0           0           7           0           4           1           0 
         98        0.44           0        0.14      1e+006           0           0           0           8           0           5           1           0 
         99         0.2           0        0.11      1e+006           0           0           0           9           0           5           1           0 
        100        0.29           0        0.11      1e+006           0           0           0           8           0           4           1           0 
        101        0.32           0        0.11      1e+006           0           0           0           7           0           5           1           0 
        102        0.49           0        0.11      1e+006           0           0           0           8           0           5           1           0 
        103        0.01           0        0.16      1e+006           0           0           0           8           0           5           1           0 
        104           0           0        0.17      1e+006           0           0           0           9           0           5           0           0 
        105           0           0        0.22      1e+006           0           0           0           8           0           5           0           0 
        106           0           0        0.21      1e+006           0           0           0          10           0           5           0           0 
        107           0           0        0.23      1e+006           0           0           0          13           0           4           0           0 
        108           0           0        0.23      1e+006           0           0           0          12           0           6           0           0 
        109           0           0        0.24      1e+006           0           0           0          10           0           6           0           0 
        110           0           0        0.18      1e+006           0           0           0           9           0           5           0           0 
        111           0           0        0.15      1e+006           0           0           0          12           0           4           0           0 
        112           0           0        0.19      1e+006           0           0           0          13           0           5           0           0 
        113        0.01           0        0.15      1e+006           0           0           0          15           0           5           1           0 
        114        0.01           0        0.22      1e+006           0           0           0          13           0           4           1           0 
        115           0           0        0.23      1e+006           0           0           0          12           0           4           0           0 
        116        0.02           0         0.2      1e+006           0           0           0          13           0           4           1           0 
        117           0           0        0.17      1e+006           0           0           0          15           0           5           0           0 
        118        0.02           0        0.14      1e+006           0           0           0          10           0           5           1           0 
        119        0.26           0        0.13      1e+006           0           0           0           8           0           5           1           0 
        120        0.24           0        0.11      1e+006           0           0           0           8           0           4           1           0 
        121        0.61           0        0.08      1e+006           0           0           0          10           0           5           1           0 
        122           0           0        0.21      1e+006           0           0           0          13           0           4           0           0 
        123        0.19           0        0.14      1e+006           0           0           0          15           0           4           1           0 
        124        0.17           0        0.21      1e+006           0           0           0          17           0           4           1           0 
        125        0.78           0        0.07      1e+006           0           0           0          17           0           5           1           0 
        126        1.18           0         0.1      1e+006           0           0           0          18           0           5           1           0 
        127        0.68           0         0.1      1e+006           0           0           0          18           0           5           1           0 
        128           0           0        0.16      1e+006           0           0           0          19           0           4           0           0 
        129           0           0        0.26      1e+006           0           0           0          19           0           6           0           0 
        130           0           0        0.26      1e+006           0           0           0          15           0           5           0           0 
        131           0           0        0.25      1e+006           0           0           0          15           0           5           0           0 
        132           0           0        0.31      1e+006           0           0           0          13           0           4           0           0 
        133           0           0        0.35      1e+006           0           0           0          12           0           4           0           0 
        134           0           0        0.41      1e+006           0           0           0          13           0           4           0           0 
        135           0           0        0.39      1e+006           0           0           0          14           0           5           0           0 
        136           0           0         0.4      1e+006           0           0           0          16           0           6           0           0 
        137        0.19           0        0.17      1e+006           0           0           0          15           0           4           1           0 
        138        0.26           0        0.25      1e+006           0           0           0          14           0           5           1           0 
        139        0.01           0        0.29      1e+006           0           0           0          13           0           5           1           0 
        140         0.2           0        0.15      1e+006           0           0           0          12           0           4           1           0 
        141           0           0        0.16      1e+006           0           0           0          13           0           5           0           0 
        142        0.25           0        0.12      1e+006           0           0           0          12           0           5           1           0 
        143         0.2           0        0.22      1e+006           0           0           0          14           0           4           1           0 
        144        0.07           0        0.19      1e+006           0           0           0          15           0           4           1           0 
        145           0           0        0.27      1e+006           0           0           0          16           0           5           0           0 
        146           0           0        0.44      1e+006           0           0           0          17           0           5           0           0 
        147        0.29           0        0.39      1e+006           0           0           0          16           0           6           1           0 
        148        0.01           0        0.23      1e+006           0           0           0          15           0           6           1           0 
        149           0           0        0.31      1e+006           0           0           0          14           0           5           0           0 
        150           0           0        0.42      1e+006           0           0           0          13           0           4           0           0 
        151           0           0        0.43      1e+006           0           0           0          12           0           5           0           0 
        152           0           0         0.4      1e+006           0           0           0          15           0           5           0           0 
        153           0           0        0.46      1e+006           0           0           0          16           0           5           0           0 
        154           0           0        0.42      1e+006           0           0           0          17           0           5           0           0 
        155           0           0        0.28      1e+006           0           0           0          18           0           5           0           0 
        156           0           0        0.44      1e+006           0           0           0          12           0           5           0           0 
        157        1.07           0        0.29      1e+006           0           0           0          15           0           5           1           0 
        158        0.01           0        0.36      1e+006           0           0           0          16           0           5           1           0 
        159           0           0        0.36      1e+006           0           0           0          19           0           5           0           0 
        160           0           0         0.3      1e+006           0           0           0          20           0           5           0           0 
        161           0           0        0.34      1e+006           0           0           0          14           0           5           0           0 
        162        0.22           0        0.18      1e+006           0           0           0          13           0           6           1           0 
        163         0.5           0        0.26      1e+006           0           0           0          12           0           6           1           0 
        164        0.46           0        0.12      1e+006           0           0           0          15           0           5           1           0 
        165        0.01           0        0.25      1e+006           0           0           0          16           0           5           1           0 
        166           0           0         0.2      1e+006           0           0           0          17           0           4           0           0 
        167         0.8           0        0.08      1e+006           0           0           0          18           0           4           1           0 
        168           0           0        0.23      1e+006           0           0           0          16           0           7           0           0 
        169        0.19           0        0.15      1e+006           0           0           0          18           0           8           1           0 
        170        0.78           0         0.1      1e+006           0           0           0          20           0           8           1           0 
        171        0.01           0        0.26      1e+006           0           0           0          15           0           5           1           0 
        172           0           0         0.2      1e+006           0           0           0          16           0           5           0           0 
        173        1.56           0         0.2      1e+006           0           0           0          17           0           5           1           0 
        174        0.18           0        0.31      1e+006           0           0           0          18           0           6           1           0 
        175        0.23           0        0.16      1e+006           0           0           0          19           0           6           1           0 
        176        0.02           0         0.3      1e+006           0           0           0          20           0           7           1           0 
        177        0.65           0        0.37      1e+006           0           0           0          21           0           7           1           0 
        178        0.12           0        0.21      1e+006           0           0           0          22           0           8           1           0 
        179        0.82           0         0.2      1e+006           0           0           0          20           0           8           1           0 
        180        0.62           0        0.17      1e+006           0           0           0          21           0           9           1           0 
        181        0.01           0        0.29      1e+006           0           0           0          20           0           5           1           0 
        182        0.04           0        0.24      1e+006           0           0           0          20           0           6           1           0 
        183        0.01           0        0.37      1e+006           0           0           0          20           0           6           1           0 
        184        0.44           0        0.11      1e+006           0           0           0          21           0           7           1           0 
        185        0.02           0        0.26      1e+006           0           0           0          23           0           7           1           0 
        186        0.05           0        0.32      1e+006           0           0           0          25           0           7           1           0 
        187        0.01           0        0.21      1e+006           0           0           0          26           0           5           1           0 
        188           0           0        0.34      1e+006           0           0           0          22           0           6           0           0 
        189           0           0        0.41      1e+006           0           0           0          21           0           6           0           0 
        190           0           0        0.51      1e+006           0           0           0          20           0           4           0           0 
        191           0           0         0.3      1e+006           0           0           0          22           0           5           0           0 
        192           0           0        0.37      1e+006           0           0           0          23           0           4           0           0 
        193        0.01           0        0.46      1e+006           0           0           0          24           0           6           1           0 
        194           0           0        0.47      1e+006           0           0           0          25           0           2           0           0 
        195           0           0        0.48      1e+006           0           0           0          21           0           3           0           0 
        196        0.24           0        0.36      1e+006           0           0           0          20           0           1           1           0 
        197        0.01           0        0.32      1e+006           0           0           0          19           0           5           1           0 
        198           0           0        0.38      1e+006           0           0           0          18           0           6           0           0 
        199           0           0        0.43      1e+006           0           0           0          17           0           4           0           0 
        200           0           0         0.3      1e+006           0           0           0          20           0           5           0           0 
        201           0           0        0.35      1e+006           0           0           0          23           0           5           0           0 
        202           0           0        0.34      1e+006           0           0           0          22           0           5           0           0 
        203           0           0        0.26      1e+006           0           0           0          25           0           4           0           0 
        204           0           0        0.29      1e+006           0           0           0          26           0           4           0           0 
        205           0           0        0.24      1e+006           0           0           0          21           0           6           0           0 
        206           0           0        0.25      1e+006           0           0           0          20           0           6           0           0 
        207        0.01           0        0.21      1e+006           0           0           0          19           0           3           1           0 
        208        0.07           0        0.24      1e+006           0           0           0          18           0           3           1           0 
        209        0.05           0        0.33      1e+006           0           0           0          17           0           5           1           0 
        210           0           0        0.48      1e+006           0           0           0          16           0           5           0           0 
        211           0           0        0.56      1e+006           0           0           0          17           0           5           0           0 
        212           0           0        0.65      1e+006           0           0           0          19           0           5           0           0 
        213           0           0        0.22      1e+006           0           0           0          20           0           4           0           0 
        214           0           0        0.58      1e+006           0           0           0          18           0           4           0           0 
        215           0           0        0.59      1e+006           0           0           0          20           0           6           0           0 
        216        0.01           0        0.38      1e+006           0           0           0          22           0           6           1           0 
        217        0.52           0        0.05      1e+006           0           0           0          23           0           2           1           0 
        218           0           0        0.32      1e+006           0           0           0          21           0           2           0           0 
        219        0.06           0        0.16      1e+006           0           0           0          25           0           5           1           0 
        220           0           0        0.21      1e+006           0           0           0          21           0           4           0           0 
        221         0.2           0        0.09      1e+006           0           0           0          20           0           5           1           0 
        222         0.1           0        0.32      1e+006           0           0           0          16           0           4           1           0 
        223           0           0        0.32      1e+006           0           0           0          18           0           4           0           0 
        224           0           0        0.36      1e+006           0           0           0          15           0           6           0           0 
        225        0.02           0        0.26      1e+006           0           0           0          19           0           5           1           0 
        226        0.31           0        0.27      1e+006           0           0           0          20           0           4           1           0 
        227        0.95           0        0.11      1e+006           0           0           0          22           0           6           1           0 
        228           0           0        0.27      1e+006           0           0           0          21           0           5           0           0 
        229        0.97           0        0.22      1e+006           0           0           0          23           0           4           1           0 
        230        0.78           0        0.24      1e+006           0           0           0          24           0           3           1           0 
        231           0           0         0.3      1e+006           0           0           0          20           0           5           0           0 
        232        0.26           0        0.33      1e+006           0           0           0          22           0           5           1           0 
        233        0.08           0         0.2      1e+006           0           0           0          21           0           4           1           0 
        234        0.06           0        0.15      1e+006           0           0           0          23           0           4           1           0 
        235        0.08           0        0.14      1e+006           0           0           0          24           0           5           1           0 
        236        0.19           0        0.21      1e+006           0           0           0          21           0           4           1           0 
        237        0.07           0         0.2      1e+006           0           0           0          19           0           5           1           0 
        238        0.53           0        0.06      1e+006           0           0           0          18           0           4           1           0 
        239         0.2           0        0.18      1e+006           0           0           0          16           0           5           1           0 
        240        0.08           0        0.13      1e+006           0           0           0          15           0           3           1           0 
        241           0           0        0.23      1e+006           0           0           0          20           0           5           0           0 
        242           0           0         0.3      1e+006           0           0           0          18           0           4           0           0 
        243        0.05           0        0.13      1e+006           0           0           0          16           0           3           1           0 
        244        0.11           0        0.15      1e+006           0           0           0          15           0           4           1           0 
        245        0.16           0        0.23      1e+006           0           0           0          15           0           3           1           0 
        246           0           0        0.25      1e+006           0           0           0          14           0           4           0           0 
        247           0           0        0.31      1e+006           0           0           0          13           0           3           0           0 
        248        0.02           0        0.18      1e+006           0           0           0          15           0           4           1           0 
        249        0.04           0        0.08      1e+006           0           0           0          16           0           3           1           0 
        250           0           0        0.12      1e+006           0           0           0          18           0           4           0           0 
        251           0           0         0.2      1e+006           0           0           0          15           0           4           0           0 
        252           0           0         0.2      1e+006           0           0           0          16           0           3           0           0 
        253           0           0        0.22      1e+006           0           0           0          14           0           3           0           0 
        254           0           0        0.18      1e+006           0           0           0          15           0           4           0           0 
        255           0           0        0.14      1e+006           0           0           0          13           0           3           0           0 
        256           0           0        0.13      1e+006           0           0           0          12           0           4           0           0 
        257           0           0        0.14      1e+006           0           0           0          15           0           4           0           0 
        258           0           0         0.2      1e+006           0           0           0          14           0           4           0           0 
        259           0           0        0.14      1e+006           0           0           0          16           0           3           0           0 
        260           0           0        0.19      1e+006           0           0           0          15           0           3           0           0 
        261           0           0        0.14      1e+006           0           0           0          15           0           3           0           0 
        262           0           0         0.2      1e+006           0           0           0          13           0           3           0           0 
        263        0.35           0        0.23      1e+006           0           0           0          12           0           3           1           0 
        264        0.52           0        0.16      1e+006           0           0           0          14           0           3           1           0 
        265           0           0        0.21      1e+006           0           0           0          15           0           4           0           0 
        266           0           0        0.19      1e+006           0           0           0          12           0           4           0           0 
        267           0           0        0.18      1e+006           0           0           0          10           0           3           0           0 
        268           0           0        0.18      1e+006           0           0           0          10           0           4           0           0 
        269        0.53           0        0.09      1e+006           0           0           0           9           0           3           1           0 
        270        0.07           0        0.23      1e+006           0           0           0           8           0           3           1           0 
        271           0           0        0.17      1e+006           0           0           0           7           0           3           0           0 
        272           0           0        0.22      1e+006           0           0           0           6           0           3           0           0 
        273        1.04           0           0      1e+006           0           0           0           5           0           3           1           0 
end*** END OF INPUT FILE 'ATMOSPH.IN' **********************************
